#Logger
1.0 5.0 1.0
2.0 10.0 1.0
3.0 15.0 1.0
4.0 20.0 1.0
5.0 25.0 1.0
6.0 30.0 1.0
7.0 35.0 1.0
8.0 40.0 1.0
9.0 45.0 1.0
10.0 50.0 1.0
11.0 55.0 1.0
12.0 60.0 1.0
13.0 65.0 1.0
14.0 70.0 1.0
15.0 75.0 1.0
16.0 80.0 1.0
17.0 85.0 1.0
18.0 90.0 1.0
19.0 95.0 1.0
20.0 100.0 1.0
21.0 105.0 1.0
22.0 110.0 1.0
23.0 115.0 1.0
24.0 120.0 1.0
25.0 125.0 1.0
26.0 130.0 1.0
27.0 135.0 1.0
28.0 140.0 1.0
29.0 145.0 1.0
30.0 150.0 1.0
31.0 155.0 1.0
32.0 160.0 1.0
33.0 165.0 1.0
34.0 170.0 1.0
35.0 175.0 1.0
36.0 180.0 1.0
37.0 185.0 1.0
38.0 190.0 1.0
39.0 195.0 1.0
40.0 200.0 1.0
41.0 205.0 1.0
42.0 210.0 1.0
43.0 215.0 1.0
44.0 220.0 1.0
45.0 225.0 1.0
46.0 230.0 1.0
47.0 235.0 1.0
48.0 240.0 1.0
49.0 245.0 1.0
50.0 250.0 1.0
51.0 255.0 1.0
52.0 260.0 1.0
53.0 265.0 1.0
54.0 270.0 1.0
55.0 275.0 1.0
56.0 280.0 1.0
57.0 285.0 1.0
58.0 290.0 1.0
59.0 295.0 1.0
60.0 300.0 1.0
61.0 305.0 1.0
62.0 310.0 1.0
63.0 315.0 1.0
64.0 320.0 1.0
65.0 325.0 1.0
66.0 330.0 1.0
67.0 335.0 1.0
68.0 340.0 1.0
69.0 345.0 1.0
70.0 350.0 1.0
71.0 355.0 1.0
72.0 360.0 1.0
73.0 365.0 1.0
74.0 370.0 1.0
75.0 375.0 1.0
76.0 380.0 1.0
77.0 385.0 1.0
78.0 390.0 1.0
79.0 395.0 1.0
80.0 400.0 1.0
81.0 405.0 1.0
82.0 410.0 1.0
83.0 415.0 1.0
84.0 420.0 1.0
85.0 425.0 1.0
86.0 430.0 1.0
87.0 435.0 1.0
88.0 440.0 1.0
89.0 445.0 1.0
90.0 450.0 1.0
91.0 455.0 1.0
92.0 460.0 1.0
93.0 465.0 1.0
94.0 470.0 1.0
95.0 475.0 1.0
96.0 480.0 1.0
97.0 485.0 1.0
98.0 490.0 1.0
99.0 495.0 1.0
100.0 500.0 1.0
101.0 505.0 1.0
102.0 510.0 1.0
103.0 515.0 1.0
104.0 520.0 1.0
105.0 525.0 1.0
106.0 530.0 1.0
107.0 535.0 1.0
108.0 540.0 1.0
109.0 545.0 1.0
110.0 550.0 1.0
111.0 555.0 1.0
112.0 560.0 1.0
113.0 565.0 1.0
114.0 570.0 1.0
115.0 575.0 1.0
116.0 580.0 1.0
117.0 585.0 1.0
118.0 590.0 1.0
119.0 595.0 1.0
120.0 600.0 1.0
121.0 605.0 1.0
122.0 610.0 1.0
123.0 615.0 1.0
124.0 620.0 1.0
125.0 625.0 1.0
126.0 630.0 1.0
127.0 635.0 1.0
128.0 640.0 1.0
129.0 645.0 1.0
130.0 650.0 1.0
131.0 655.0 1.0
132.0 660.0 1.0
133.0 665.0 1.0
134.0 670.0 1.0
135.0 675.0 1.0
136.0 680.0 1.0
137.0 685.0 1.0
138.0 690.0 1.0
139.0 695.0 1.0
140.0 700.0 1.0
141.0 705.0 1.0
142.0 710.0 1.0
143.0 715.0 1.0
144.0 720.0 1.0
145.0 725.0 1.0
146.0 730.0 1.0
147.0 735.0 1.0
148.0 740.0 1.0
149.0 745.0 1.0
150.0 750.0 1.0
151.0 755.0 1.0
152.0 760.0 1.0
153.0 765.0 1.0
154.0 770.0 1.0
155.0 775.0 1.0
156.0 780.0 1.0
157.0 785.0 1.0
158.0 790.0 1.0
159.0 795.0 1.0
160.0 800.0 1.0
161.0 805.0 1.0
162.0 810.0 1.0
163.0 815.0 1.0
164.0 820.0 1.0
165.0 825.0 1.0
166.0 830.0 1.0
167.0 835.0 1.0
168.0 840.0 1.0
169.0 845.0 1.0
170.0 850.0 1.0
171.0 855.0 1.0
172.0 860.0 1.0
173.0 865.0 1.0
174.0 870.0 1.0
175.0 875.0 1.0
176.0 880.0 1.0
177.0 885.0 1.0
178.0 890.0 1.0
179.0 895.0 1.0
180.0 900.0 1.0
181.0 905.0 1.0
182.0 910.0 1.0
183.0 915.0 1.0
184.0 920.0 1.0
185.0 925.0 1.0
186.0 930.0 1.0
187.0 935.0 1.0
188.0 940.0 1.0
189.0 945.0 1.0
190.0 950.0 1.0
191.0 955.0 1.0
192.0 960.0 1.0
193.0 965.0 1.0
194.0 970.0 1.0
195.0 975.0 1.0
196.0 980.0 1.0
197.0 985.0 1.0
198.0 990.0 1.0
199.0 995.0 1.0
200.0 1000.0 1.0
201.0 1005.0 1.0
202.0 1010.0 1.0
203.0 1015.0 1.0
204.0 1020.0 1.0
205.0 1025.0 1.0
206.0 1030.0 1.0
207.0 1035.0 1.0
208.0 1040.0 1.0
209.0 1045.0 1.0
210.0 1050.0 1.0
211.0 1055.0 1.0
212.0 1060.0 1.0
213.0 1065.0 1.0
214.0 1070.0 1.0
215.0 1075.0 1.0
216.0 1080.0 1.0
217.0 1085.0 1.0
218.0 1090.0 1.0
219.0 1095.0 1.0
220.0 1100.0 1.0
221.0 1105.0 1.0
222.0 1110.0 1.0
223.0 1115.0 1.0
224.0 1120.0 1.0
225.0 1125.0 1.0
226.0 1130.0 1.0
227.0 1135.0 1.0
228.0 1140.0 1.0
229.0 1145.0 1.0
230.0 1150.0 1.0
231.0 1155.0 1.0
232.0 1160.0 1.0
233.0 1165.0 1.0
234.0 1170.0 1.0
235.0 1175.0 1.0
236.0 1180.0 1.0
237.0 1185.0 1.0
238.0 1190.0 1.0
239.0 1195.0 1.0
240.0 1200.0 1.0
241.0 1205.0 1.0
242.0 1210.0 1.0
243.0 1215.0 1.0
244.0 1220.0 1.0
245.0 1225.0 1.0
246.0 1230.0 1.0
247.0 1235.0 1.0
248.0 1240.0 1.0
249.0 1245.0 1.0
250.0 1250.0 1.0
251.0 1255.0 1.0
252.0 1260.0 1.0
253.0 1265.0 1.0
254.0 1270.0 1.0
255.0 1275.0 1.0
256.0 1280.0 1.0
257.0 1285.0 1.0
258.0 1290.0 1.0
259.0 1295.0 1.0
260.0 1300.0 1.0
261.0 1305.0 1.0
262.0 1310.0 1.0
263.0 1315.0 1.0
264.0 1320.0 1.0
265.0 1325.0 1.0
266.0 1330.0 1.0
267.0 1335.0 1.0
268.0 1340.0 1.0
269.0 1345.0 1.0
270.0 1350.0 1.0
271.0 1355.0 1.0
272.0 1360.0 1.0
273.0 1365.0 1.0
274.0 1370.0 1.0
275.0 1375.0 1.0
276.0 1380.0 1.0
277.0 1385.0 1.0
278.0 1390.0 1.0
279.0 1395.0 1.0
280.0 1400.0 1.0
281.0 1405.0 1.0
282.0 1410.0 1.0
283.0 1415.0 1.0
284.0 1420.0 1.0
285.0 1425.0 1.0
286.0 1430.0 1.0
287.0 1435.0 1.0
288.0 1440.0 1.0
289.0 1445.0 1.0
290.0 1450.0 1.0
291.0 1455.0 1.0
292.0 1460.0 1.0
293.0 1465.0 1.0
294.0 1470.0 1.0
295.0 1475.0 1.0
296.0 1480.0 1.0
297.0 1485.0 1.0
298.0 1490.0 1.0
299.0 1495.0 1.0
300.0 1500.0 1.0
301.0 1505.0 1.0
302.0 1510.0 1.0
303.0 1515.0 1.0
304.0 1520.0 1.0
305.0 1525.0 1.0
306.0 1530.0 1.0
307.0 1535.0 1.0
308.0 1540.0 1.0
309.0 1545.0 1.0
310.0 1550.0 1.0
311.0 1555.0 1.0
312.0 1560.0 1.0
313.0 1565.0 1.0
314.0 1570.0 1.0
315.0 1575.0 1.0
316.0 1580.0 1.0
317.0 1585.0 1.0
318.0 1590.0 1.0
319.0 1595.0 1.0
320.0 1600.0 1.0
321.0 1605.0 1.0
322.0 1610.0 1.0
323.0 1615.0 1.0
324.0 1620.0 1.0
325.0 1625.0 1.0
326.0 1630.0 1.0
327.0 1635.0 1.0
328.0 1640.0 1.0
329.0 1645.0 1.0
330.0 1650.0 1.0
331.0 1655.0 1.0
332.0 1660.0 1.0
333.0 1665.0 1.0
334.0 1670.0 1.0
335.0 1675.0 1.0
336.0 1680.0 1.0
337.0 1685.0 1.0
338.0 1690.0 1.0
339.0 1695.0 1.0
340.0 1700.0 1.0
341.0 1705.0 1.0
342.0 1710.0 1.0
343.0 1715.0 1.0
344.0 1720.0 1.0
345.0 1725.0 1.0
346.0 1730.0 1.0
347.0 1735.0 1.0
348.0 1740.0 1.0
349.0 1745.0 1.0
350.0 1750.0 1.0
351.0 1755.0 1.0
352.0 1760.0 1.0
353.0 1765.0 1.0
354.0 1770.0 1.0
355.0 1775.0 1.0
356.0 1780.0 1.0
357.0 1785.0 1.0
358.0 1790.0 1.0
359.0 1795.0 1.0
360.0 1800.0 1.0
361.0 1805.0 1.0
362.0 1810.0 1.0
363.0 1815.0 1.0
364.0 1820.0 1.0
365.0 1825.0 1.0
366.0 1830.0 1.0
367.0 1835.0 1.0
368.0 1840.0 1.0
369.0 1845.0 1.0
370.0 1850.0 1.0
371.0 1855.0 1.0
372.0 1860.0 1.0
373.0 1865.0 1.0
374.0 1870.0 1.0
375.0 1875.0 1.0
376.0 1880.0 1.0
377.0 1885.0 1.0
378.0 1890.0 1.0
379.0 1895.0 1.0
380.0 1900.0 1.0
381.0 1905.0 1.0
382.0 1910.0 1.0
383.0 1915.0 1.0
384.0 1920.0 1.0
385.0 1925.0 1.0
386.0 1930.0 1.0
387.0 1935.0 1.0
388.0 1940.0 1.0
389.0 1945.0 1.0
390.0 1950.0 1.0
391.0 1955.0 1.0
392.0 1960.0 1.0
393.0 1965.0 1.0
394.0 1970.0 1.0
395.0 1975.0 1.0
396.0 1980.0 1.0
397.0 1985.0 1.0
398.0 1990.0 1.0
399.0 1995.0 1.0
400.0 2000.0 1.0
401.0 2005.0 1.0
402.0 2010.0 1.0
403.0 2015.0 1.0
404.0 2020.0 1.0
405.0 2025.0 1.0
406.0 2030.0 1.0
407.0 2035.0 1.0
408.0 2040.0 1.0
409.0 2045.0 1.0
410.0 2050.0 1.0
411.0 2055.0 1.0
412.0 2060.0 1.0
413.0 2065.0 1.0
414.0 2070.0 1.0
415.0 2075.0 1.0
416.0 2080.0 1.0
417.0 2085.0 1.0
418.0 2090.0 1.0
419.0 2095.0 1.0
420.0 2100.0 1.0
421.0 2105.0 1.0
422.0 2110.0 1.0
423.0 2115.0 1.0
424.0 2120.0 1.0
425.0 2125.0 1.0
426.0 2130.0 1.0
427.0 2135.0 1.0
428.0 2140.0 1.0
429.0 2145.0 1.0
430.0 2150.0 1.0
431.0 2155.0 1.0
432.0 2160.0 1.0
433.0 2165.0 1.0
434.0 2170.0 1.0
435.0 2175.0 1.0
436.0 2180.0 1.0
437.0 2185.0 1.0
438.0 2190.0 1.0
439.0 2195.0 1.0
440.0 2200.0 1.0
441.0 2205.0 1.0
442.0 2210.0 1.0
443.0 2215.0 1.0
444.0 2220.0 1.0
445.0 2225.0 1.0
446.0 2230.0 1.0
447.0 2235.0 1.0
448.0 2240.0 1.0
449.0 2245.0 1.0
450.0 2250.0 1.0
451.0 2255.0 1.0
452.0 2260.0 1.0
453.0 2265.0 1.0
454.0 2270.0 1.0
455.0 2275.0 1.0
456.0 2280.0 1.0
457.0 2285.0 1.0
458.0 2290.0 1.0
459.0 2295.0 1.0
460.0 2300.0 1.0
461.0 2305.0 1.0
462.0 2310.0 1.0
463.0 2315.0 1.0
464.0 2320.0 1.0
465.0 2325.0 1.0
466.0 2330.0 1.0
467.0 2335.0 1.0
468.0 2340.0 1.0
469.0 2345.0 1.0
470.0 2350.0 1.0
471.0 2355.0 1.0
472.0 2360.0 1.0
473.0 2365.0 1.0
474.0 2370.0 1.0
475.0 2375.0 1.0
476.0 2380.0 1.0
477.0 2385.0 1.0
478.0 2390.0 1.0
479.0 2395.0 1.0
480.0 2400.0 1.0
481.0 2405.0 1.0
482.0 2410.0 1.0
483.0 2415.0 1.0
484.0 2420.0 1.0
485.0 2425.0 1.0
486.0 2430.0 1.0
487.0 2435.0 1.0
488.0 2440.0 1.0
489.0 2445.0 1.0
490.0 2450.0 1.0
491.0 2455.0 1.0
492.0 2460.0 1.0
493.0 2465.0 1.0
494.0 2470.0 1.0
495.0 2475.0 1.0
496.0 2480.0 1.0
497.0 2485.0 1.0
498.0 2490.0 1.0
499.0 2495.0 1.0
500.0 2500.0 1.0
501.0 2505.0 1.0
502.0 2510.0 1.0
503.0 2515.0 1.0
504.0 2520.0 1.0
505.0 2525.0 1.0
506.0 2530.0 1.0
507.0 2535.0 1.0
508.0 2540.0 1.0
509.0 2545.0 1.0
510.0 2550.0 1.0
511.0 2555.0 1.0
512.0 2560.0 1.0
513.0 2565.0 1.0
514.0 2570.0 1.0
515.0 2575.0 1.0
516.0 2580.0 1.0
517.0 2585.0 1.0
518.0 2590.0 1.0
519.0 2595.0 1.0
520.0 2600.0 1.0
521.0 2605.0 1.0
522.0 2610.0 1.0
523.0 2615.0 1.0
524.0 2620.0 1.0
525.0 2625.0 1.0
526.0 2630.0 1.0
527.0 2635.0 1.0
528.0 2640.0 1.0
529.0 2645.0 1.0
530.0 2650.0 1.0
531.0 2655.0 1.0
532.0 2660.0 1.0
533.0 2665.0 1.0
534.0 2670.0 1.0
535.0 2675.0 1.0
536.0 2680.0 1.0
537.0 2685.0 1.0
538.0 2690.0 1.0
539.0 2695.0 1.0
540.0 2700.0 1.0
541.0 2705.0 1.0
542.0 2710.0 1.0
543.0 2715.0 1.0
544.0 2720.0 1.0
545.0 2725.0 1.0
546.0 2730.0 1.0
547.0 2735.0 1.0
548.0 2740.0 1.0
549.0 2745.0 1.0
550.0 2750.0 1.0
551.0 2755.0 1.0
552.0 2760.0 1.0
553.0 2765.0 1.0
554.0 2770.0 1.0
555.0 2775.0 1.0
556.0 2780.0 1.0
557.0 2785.0 1.0
558.0 2790.0 1.0
559.0 2795.0 1.0
560.0 2800.0 1.0
561.0 2805.0 1.0
562.0 2810.0 1.0
563.0 2815.0 1.0
564.0 2820.0 1.0
565.0 2825.0 1.0
566.0 2830.0 1.0
567.0 2835.0 1.0
568.0 2840.0 1.0
569.0 2845.0 1.0
570.0 2850.0 1.0
571.0 2855.0 1.0
572.0 2860.0 1.0
573.0 2865.0 1.0
574.0 2870.0 1.0
575.0 2875.0 1.0
576.0 2880.0 1.0
577.0 2885.0 1.0
578.0 2890.0 1.0
579.0 2895.0 1.0
580.0 2900.0 1.0
581.0 2905.0 1.0
582.0 2910.0 1.0
583.0 2915.0 1.0
584.0 2920.0 1.0
585.0 2925.0 1.0
586.0 2930.0 1.0
587.0 2935.0 1.0
588.0 2940.0 1.0
589.0 2945.0 1.0
590.0 2950.0 1.0
591.0 2955.0 1.0
592.0 2960.0 1.0
593.0 2965.0 1.0
594.0 2970.0 1.0
595.0 2975.0 1.0
596.0 2980.0 1.0
597.0 2985.0 1.0
598.0 2990.0 1.0
599.0 2995.0 1.0
600.0 3000.0 1.0
601.0 3005.0 1.0
602.0 3010.0 1.0
603.0 3015.0 1.0
604.0 3020.0 1.0
605.0 3025.0 1.0
606.0 3030.0 1.0
607.0 3035.0 1.0
608.0 3040.0 1.0
609.0 3045.0 1.0
610.0 3050.0 1.0
611.0 3055.0 1.0
612.0 3060.0 1.0
613.0 3065.0 1.0
614.0 3070.0 1.0
615.0 3075.0 1.0
616.0 3080.0 1.0
617.0 3085.0 1.0
618.0 3090.0 1.0
619.0 3095.0 1.0
620.0 3100.0 1.0
621.0 3105.0 1.0
622.0 3110.0 1.0
623.0 3115.0 1.0
624.0 3120.0 1.0
625.0 3125.0 1.0
626.0 3130.0 1.0
627.0 3135.0 1.0
628.0 3140.0 1.0
629.0 3145.0 1.0
630.0 3150.0 1.0
631.0 3155.0 1.0
632.0 3160.0 1.0
633.0 3165.0 1.0
634.0 3170.0 1.0
635.0 3175.0 1.0
636.0 3180.0 1.0
637.0 3185.0 1.0
638.0 3190.0 1.0
639.0 3195.0 1.0
640.0 3200.0 1.0
641.0 3205.0 1.0
642.0 3210.0 1.0
643.0 3215.0 1.0
644.0 3220.0 1.0
645.0 3225.0 1.0
646.0 3230.0 1.0
647.0 3235.0 1.0
648.0 3240.0 1.0
649.0 3245.0 1.0
650.0 3250.0 1.0
651.0 3255.0 1.0
652.0 3260.0 1.0
653.0 3265.0 1.0
654.0 3270.0 1.0
655.0 3275.0 1.0
656.0 3280.0 1.0
657.0 3285.0 1.0
658.0 3290.0 1.0
659.0 3295.0 1.0
660.0 3300.0 1.0
661.0 3305.0 1.0
662.0 3310.0 1.0
663.0 3315.0 1.0
664.0 3320.0 1.0
665.0 3325.0 1.0
666.0 3330.0 1.0
667.0 3335.0 1.0
668.0 3340.0 1.0
669.0 3345.0 1.0
670.0 3350.0 1.0
671.0 3355.0 1.0
672.0 3360.0 1.0
673.0 3365.0 1.0
674.0 3370.0 1.0
675.0 3375.0 1.0
676.0 3380.0 1.0
677.0 3385.0 1.0
678.0 3390.0 1.0
679.0 3395.0 1.0
680.0 3400.0 1.0
681.0 3405.0 1.0
682.0 3410.0 1.0
683.0 3415.0 1.0
684.0 3420.0 1.0
685.0 3425.0 1.0
686.0 3430.0 1.0
687.0 3435.0 1.0
688.0 3440.0 1.0
689.0 3445.0 1.0
690.0 3450.0 1.0
691.0 3455.0 1.0
692.0 3460.0 1.0
693.0 3465.0 1.0
694.0 3470.0 1.0
695.0 3475.0 1.0
696.0 3480.0 1.0
697.0 3485.0 1.0
698.0 3490.0 1.0
699.0 3495.0 1.0
700.0 3500.0 1.0
701.0 3505.0 1.0
702.0 3510.0 1.0
703.0 3515.0 1.0
704.0 3520.0 1.0
705.0 3525.0 1.0
706.0 3530.0 1.0
707.0 3535.0 1.0
708.0 3540.0 1.0
709.0 3545.0 1.0
710.0 3550.0 1.0
711.0 3555.0 1.0
712.0 3560.0 1.0
713.0 3565.0 1.0
714.0 3570.0 1.0
715.0 3575.0 1.0
716.0 3580.0 1.0
717.0 3585.0 1.0
718.0 3590.0 1.0
719.0 3595.0 1.0
720.0 3600.0 1.0
721.0 3605.0 1.0
722.0 3610.0 1.0
723.0 3615.0 1.0
724.0 3620.0 1.0
725.0 3625.0 1.0
726.0 3630.0 1.0
727.0 3635.0 1.0
728.0 3640.0 1.0
729.0 3645.0 1.0
730.0 3650.0 1.0
731.0 3655.0 1.0
732.0 3660.0 1.0
733.0 3665.0 1.0
734.0 3670.0 1.0
735.0 3675.0 1.0
736.0 3680.0 1.0
737.0 3685.0 1.0
738.0 3690.0 1.0
739.0 3695.0 1.0
740.0 3700.0 1.0
741.0 3705.0 1.0
742.0 3710.0 1.0
743.0 3715.0 1.0
744.0 3720.0 1.0
745.0 3725.0 1.0
746.0 3730.0 1.0
747.0 3735.0 1.0
748.0 3740.0 1.0
749.0 3745.0 1.0
750.0 3750.0 1.0
751.0 3755.0 1.0
752.0 3760.0 1.0
753.0 3765.0 1.0
754.0 3770.0 1.0
755.0 3775.0 1.0
756.0 3780.0 1.0
757.0 3785.0 1.0
758.0 3790.0 1.0
759.0 3795.0 1.0
760.0 3800.0 1.0
761.0 3805.0 1.0
762.0 3810.0 1.0
763.0 3815.0 1.0
764.0 3820.0 1.0
765.0 3825.0 1.0
766.0 3830.0 1.0
767.0 3835.0 1.0
768.0 3840.0 1.0
769.0 3845.0 1.0
770.0 3850.0 1.0
771.0 3855.0 1.0
772.0 3860.0 1.0
773.0 3865.0 1.0
774.0 3870.0 1.0
775.0 3875.0 1.0
776.0 3880.0 1.0
777.0 3885.0 1.0
778.0 3890.0 1.0
779.0 3895.0 1.0
780.0 3900.0 1.0
781.0 3905.0 1.0
782.0 3910.0 1.0
783.0 3915.0 1.0
784.0 3920.0 1.0
785.0 3925.0 1.0
786.0 3930.0 1.0
787.0 3935.0 1.0
788.0 3940.0 1.0
789.0 3945.0 1.0
790.0 3950.0 1.0
791.0 3955.0 1.0
792.0 3960.0 1.0
793.0 3965.0 1.0
794.0 3970.0 1.0
795.0 3975.0 1.0
796.0 3980.0 1.0
797.0 3985.0 1.0
798.0 3990.0 1.0
799.0 3995.0 1.0
800.0 4000.0 1.0
801.0 4005.0 1.0
802.0 4010.0 1.0
803.0 4015.0 1.0
804.0 4020.0 1.0
805.0 4025.0 1.0
806.0 4030.0 1.0
807.0 4035.0 1.0
808.0 4040.0 1.0
809.0 4045.0 1.0
810.0 4050.0 1.0
811.0 4055.0 1.0
812.0 4060.0 1.0
813.0 4065.0 1.0
814.0 4070.0 1.0
815.0 4075.0 1.0
816.0 4080.0 1.0
817.0 4085.0 1.0
818.0 4090.0 1.0
819.0 4095.0 1.0
820.0 4100.0 1.0
821.0 4105.0 1.0
822.0 4110.0 1.0
823.0 4115.0 1.0
824.0 4120.0 1.0
825.0 4125.0 1.0
826.0 4130.0 1.0
827.0 4135.0 1.0
828.0 4140.0 1.0
829.0 4145.0 1.0
830.0 4150.0 1.0
831.0 4155.0 1.0
832.0 4160.0 1.0
833.0 4165.0 1.0
834.0 4170.0 1.0
835.0 4175.0 1.0
836.0 4180.0 1.0
837.0 4185.0 1.0
838.0 4190.0 1.0
839.0 4195.0 1.0
840.0 4200.0 1.0
841.0 4205.0 1.0
842.0 4210.0 1.0
843.0 4215.0 1.0
844.0 4220.0 1.0
845.0 4225.0 1.0
846.0 4230.0 1.0
847.0 4235.0 1.0
848.0 4240.0 1.0
849.0 4245.0 1.0
850.0 4250.0 1.0
851.0 4255.0 1.0
852.0 4260.0 1.0
853.0 4265.0 1.0
854.0 4270.0 1.0
855.0 4275.0 1.0
856.0 4280.0 1.0
857.0 4285.0 1.0
858.0 4290.0 1.0
859.0 4295.0 1.0
860.0 4300.0 1.0
861.0 4305.0 1.0
862.0 4310.0 1.0
863.0 4315.0 1.0
864.0 4320.0 1.0
865.0 4325.0 1.0
866.0 4330.0 1.0
867.0 4335.0 1.0
868.0 4340.0 1.0
869.0 4345.0 1.0
870.0 4350.0 1.0
871.0 4355.0 1.0
872.0 4360.0 1.0
873.0 4365.0 1.0
874.0 4370.0 1.0
875.0 4375.0 1.0
876.0 4380.0 1.0
877.0 4385.0 1.0
878.0 4390.0 1.0
879.0 4395.0 1.0
880.0 4400.0 1.0
881.0 4405.0 1.0
882.0 4410.0 1.0
883.0 4415.0 1.0
884.0 4420.0 1.0
885.0 4425.0 1.0
886.0 4430.0 1.0
887.0 4435.0 1.0
888.0 4440.0 1.0
889.0 4445.0 1.0
890.0 4450.0 1.0
891.0 4455.0 1.0
892.0 4460.0 1.0
893.0 4465.0 1.0
894.0 4470.0 1.0
895.0 4475.0 1.0
896.0 4480.0 1.0
897.0 4485.0 1.0
898.0 4490.0 1.0
899.0 4495.0 1.0
900.0 4500.0 1.0
901.0 4505.0 1.0
902.0 4510.0 1.0
903.0 4515.0 1.0
904.0 4520.0 1.0
905.0 4525.0 1.0
906.0 4530.0 1.0
907.0 4535.0 1.0
908.0 4540.0 1.0
909.0 4545.0 1.0
910.0 4550.0 1.0
911.0 4555.0 1.0
912.0 4560.0 1.0
913.0 4565.0 1.0
914.0 4570.0 1.0
915.0 4575.0 1.0
916.0 4580.0 1.0
917.0 4585.0 1.0
918.0 4590.0 1.0
919.0 4595.0 1.0
920.0 4600.0 1.0
921.0 4605.0 1.0
922.0 4610.0 1.0
923.0 4615.0 1.0
924.0 4620.0 1.0
925.0 4625.0 1.0
926.0 4630.0 1.0
927.0 4635.0 1.0
928.0 4640.0 1.0
929.0 4645.0 1.0
930.0 4650.0 1.0
931.0 4655.0 1.0
932.0 4660.0 1.0
933.0 4665.0 1.0
934.0 4670.0 1.0
935.0 4675.0 1.0
936.0 4680.0 1.0
937.0 4685.0 1.0
938.0 4690.0 1.0
939.0 4695.0 1.0
940.0 4700.0 1.0
941.0 4705.0 1.0
942.0 4710.0 1.0
943.0 4715.0 1.0
944.0 4720.0 1.0
945.0 4725.0 1.0
946.0 4730.0 1.0
947.0 4735.0 1.0
948.0 4740.0 1.0
949.0 4745.0 1.0
950.0 4750.0 1.0
951.0 4755.0 1.0
952.0 4760.0 1.0
953.0 4765.0 1.0
954.0 4770.0 1.0
955.0 4775.0 1.0
956.0 4780.0 1.0
957.0 4785.0 1.0
958.0 4790.0 1.0
959.0 4795.0 1.0
960.0 4800.0 1.0
961.0 4805.0 1.0
962.0 4810.0 1.0
963.0 4815.0 1.0
964.0 4820.0 1.0
965.0 4825.0 1.0
966.0 4830.0 1.0
967.0 4835.0 1.0
968.0 4840.0 1.0
969.0 4845.0 1.0
970.0 4850.0 1.0
971.0 4855.0 1.0
972.0 4860.0 1.0
973.0 4865.0 1.0
974.0 4870.0 1.0
975.0 4875.0 1.0
976.0 4880.0 1.0
977.0 4885.0 1.0
978.0 4890.0 1.0
979.0 4895.0 1.0
980.0 4900.0 1.0
981.0 4905.0 1.0
982.0 4910.0 1.0
983.0 4915.0 1.0
984.0 4920.0 1.0
985.0 4925.0 1.0
986.0 4930.0 1.0
987.0 4935.0 1.0
988.0 4940.0 1.0
989.0 4945.0 1.0
990.0 4950.0 1.0
991.0 4955.0 1.0
992.0 4960.0 1.0
993.0 4965.0 1.0
994.0 4970.0 1.0
995.0 4975.0 1.0
996.0 4980.0 1.0
997.0 4985.0 1.0
998.0 4990.0 1.0
999.0 4995.0 1.0
1000.0 5000.0 1.0
1001.0 5005.0 1.0
1002.0 5010.0 1.0
1003.0 5015.0 1.0
1004.0 5020.0 1.0
1005.0 5025.0 1.0
1006.0 5030.0 1.0
1007.0 5035.0 1.0
1008.0 5040.0 1.0
1009.0 5045.0 1.0
1010.0 5050.0 1.0
1011.0 5055.0 1.0
1012.0 5060.0 1.0
1013.0 5065.0 1.0
1014.0 5070.0 1.0
1015.0 5075.0 1.0
1016.0 5080.0 1.0
1017.0 5085.0 1.0
1018.0 5090.0 1.0
1019.0 5095.0 1.0
1020.0 5100.0 1.0
1021.0 5105.0 1.0
1022.0 5110.0 1.0
1023.0 5115.0 1.0
1024.0 5120.0 1.0
1025.0 5125.0 1.0
1026.0 5130.0 1.0
1027.0 5135.0 1.0
1028.0 5140.0 1.0
1029.0 5145.0 1.0
1030.0 5150.0 1.0
1031.0 5155.0 1.0
1032.0 5160.0 1.0
1033.0 5165.0 1.0
1034.0 5170.0 1.0
1035.0 5175.0 1.0
1036.0 5180.0 1.0
1037.0 5185.0 1.0
1038.0 5190.0 1.0
1039.0 5195.0 1.0
1040.0 5200.0 1.0
1041.0 5205.0 1.0
1042.0 5210.0 1.0
1043.0 5215.0 1.0
1044.0 5220.0 1.0
1045.0 5225.0 1.0
1046.0 5230.0 1.0
1047.0 5235.0 1.0
1048.0 5240.0 1.0
1049.0 5245.0 1.0
1050.0 5250.0 1.0
1051.0 5255.0 1.0
1052.0 5260.0 1.0
1053.0 5265.0 1.0
1054.0 5270.0 1.0
1055.0 5275.0 1.0
1056.0 5280.0 1.0
1057.0 5285.0 1.0
1058.0 5290.0 1.0
1059.0 5295.0 1.0
1060.0 5300.0 1.0
1061.0 5305.0 1.0
1062.0 5310.0 1.0
1063.0 5315.0 1.0
1064.0 5320.0 1.0
1065.0 5325.0 1.0
1066.0 5330.0 1.0
1067.0 5335.0 1.0
1068.0 5340.0 1.0
1069.0 5345.0 1.0
1070.0 5350.0 1.0
1071.0 5355.0 1.0
1072.0 5360.0 1.0
1073.0 5365.0 1.0
1074.0 5370.0 1.0
1075.0 5375.0 1.0
1076.0 5380.0 1.0
1077.0 5385.0 1.0
1078.0 5390.0 1.0
1079.0 5395.0 1.0
1080.0 5400.0 1.0
1081.0 5405.0 1.0
1082.0 5410.0 1.0
1083.0 5415.0 1.0
1084.0 5420.0 1.0
1085.0 5425.0 1.0
1086.0 5430.0 1.0
1087.0 5435.0 1.0
1088.0 5440.0 1.0
1089.0 5445.0 1.0
1090.0 5450.0 1.0
1091.0 5455.0 1.0
1092.0 5460.0 1.0
1093.0 5465.0 1.0
1094.0 5470.0 1.0
1095.0 5475.0 1.0
1096.0 5480.0 1.0
1097.0 5485.0 1.0
1098.0 5490.0 1.0
1099.0 5495.0 1.0
1100.0 5500.0 1.0
1101.0 5505.0 1.0
1102.0 5510.0 1.0
1103.0 5515.0 1.0
1104.0 5520.0 1.0
1105.0 5525.0 1.0
1106.0 5530.0 1.0
1107.0 5535.0 1.0
1108.0 5540.0 1.0
1109.0 5545.0 1.0
1110.0 5550.0 1.0
1111.0 5555.0 1.0
1112.0 5560.0 1.0
1113.0 5565.0 1.0
1114.0 5570.0 1.0
1115.0 5575.0 1.0
1116.0 5580.0 1.0
1117.0 5585.0 1.0
1118.0 5590.0 1.0
1119.0 5595.0 1.0
1120.0 5600.0 1.0
1121.0 5605.0 1.0
1122.0 5610.0 1.0
1123.0 5615.0 1.0
1124.0 5620.0 1.0
1125.0 5625.0 1.0
1126.0 5630.0 1.0
1127.0 5635.0 1.0
1128.0 5640.0 1.0
1129.0 5645.0 1.0
1130.0 5650.0 1.0
1131.0 5655.0 1.0
1132.0 5660.0 1.0
1133.0 5665.0 1.0
1134.0 5670.0 1.0
1135.0 5675.0 1.0
1136.0 5680.0 1.0
1137.0 5685.0 1.0
1138.0 5690.0 1.0
1139.0 5695.0 1.0
1140.0 5700.0 1.0
1141.0 5705.0 1.0
1142.0 5710.0 1.0
1143.0 5715.0 1.0
1144.0 5720.0 1.0
1145.0 5725.0 1.0
1146.0 5730.0 1.0
1147.0 5735.0 1.0
1148.0 5740.0 1.0
1149.0 5745.0 1.0
1150.0 5750.0 1.0
1151.0 5755.0 1.0
1152.0 5760.0 1.0
1153.0 5765.0 1.0
1154.0 5770.0 1.0
1155.0 5775.0 1.0
1156.0 5780.0 1.0
1157.0 5785.0 1.0
1158.0 5790.0 1.0
1159.0 5795.0 1.0
1160.0 5800.0 1.0
1161.0 5805.0 1.0
1162.0 5810.0 1.0
1163.0 5815.0 1.0
1164.0 5820.0 1.0
1165.0 5825.0 1.0
1166.0 5830.0 1.0
1167.0 5835.0 1.0
1168.0 5840.0 1.0
1169.0 5845.0 1.0
1170.0 5850.0 1.0
1171.0 5855.0 1.0
1172.0 5860.0 1.0
1173.0 5865.0 1.0
1174.0 5870.0 1.0
1175.0 5875.0 1.0
1176.0 5880.0 1.0
1177.0 5885.0 1.0
1178.0 5890.0 1.0
1179.0 5895.0 1.0
1180.0 5900.0 1.0
1181.0 5905.0 1.0
1182.0 5910.0 1.0
1183.0 5915.0 1.0
1184.0 5920.0 1.0
1185.0 5925.0 1.0
1186.0 5930.0 1.0
1187.0 5935.0 1.0
1188.0 5940.0 1.0
1189.0 5945.0 1.0
1190.0 5950.0 1.0
1191.0 5955.0 1.0
1192.0 5960.0 1.0
1193.0 5965.0 1.0
1194.0 5970.0 1.0
1195.0 5975.0 1.0
1196.0 5980.0 1.0
1197.0 5985.0 1.0
1198.0 5990.0 1.0
1199.0 5995.0 1.0
1200.0 6000.0 1.0
1201.0 6005.0 1.0
1202.0 6010.0 1.0
1203.0 6015.0 1.0
1204.0 6020.0 1.0
1205.0 6025.0 1.0
1206.0 6030.0 1.0
1207.0 6035.0 1.0
1208.0 6040.0 1.0
1209.0 6045.0 1.0
1210.0 6050.0 1.0
1211.0 6055.0 1.0
1212.0 6060.0 1.0
1213.0 6065.0 1.0
1214.0 6070.0 1.0
1215.0 6075.0 1.0
1216.0 6080.0 1.0
1217.0 6085.0 1.0
1218.0 6090.0 1.0
1219.0 6095.0 1.0
1220.0 6100.0 1.0
1221.0 6105.0 1.0
1222.0 6110.0 1.0
1223.0 6115.0 1.0
1224.0 6120.0 1.0
1225.0 6125.0 1.0
1226.0 6130.0 1.0
1227.0 6135.0 1.0
1228.0 6140.0 1.0
1229.0 6145.0 1.0
1230.0 6150.0 1.0
1231.0 6155.0 1.0
1232.0 6160.0 1.0
1233.0 6165.0 1.0
1234.0 6170.0 1.0
1235.0 6175.0 1.0
1236.0 6180.0 1.0
1237.0 6185.0 1.0
1238.0 6190.0 1.0
1239.0 6195.0 1.0
1240.0 6200.0 1.0
1241.0 6205.0 1.0
1242.0 6210.0 1.0
1243.0 6215.0 1.0
1244.0 6220.0 1.0
1245.0 6225.0 1.0
1246.0 6230.0 1.0
1247.0 6235.0 1.0
1248.0 6240.0 1.0
1249.0 6245.0 1.0
1250.0 6250.0 1.0
1251.0 6255.0 1.0
1252.0 6260.0 1.0
1253.0 6265.0 1.0
1254.0 6270.0 1.0
1255.0 6275.0 1.0
1256.0 6280.0 1.0
1257.0 6285.0 1.0
1258.0 6290.0 1.0
1259.0 6295.0 1.0
1260.0 6300.0 1.0
1261.0 6305.0 1.0
1262.0 6310.0 1.0
1263.0 6315.0 1.0
1264.0 6320.0 1.0
1265.0 6325.0 1.0
1266.0 6330.0 1.0
1267.0 6335.0 1.0
1268.0 6340.0 1.0
1269.0 6345.0 1.0
1270.0 6350.0 1.0
1271.0 6355.0 1.0
1272.0 6360.0 1.0
1273.0 6365.0 1.0
1274.0 6370.0 1.0
1275.0 6375.0 1.0
1276.0 6380.0 1.0
1277.0 6385.0 1.0
1278.0 6390.0 1.0
1279.0 6395.0 1.0
1280.0 6400.0 1.0
1281.0 6405.0 1.0
1282.0 6410.0 1.0
1283.0 6415.0 1.0
1284.0 6420.0 1.0
1285.0 6425.0 1.0
1286.0 6430.0 1.0
1287.0 6435.0 1.0
1288.0 6440.0 1.0
1289.0 6445.0 1.0
1290.0 6450.0 1.0
1291.0 6455.0 1.0
1292.0 6460.0 1.0
1293.0 6465.0 1.0
1294.0 6470.0 1.0
1295.0 6475.0 1.0
1296.0 6480.0 1.0
1297.0 6485.0 1.0
1298.0 6490.0 1.0
1299.0 6495.0 1.0
1300.0 6500.0 1.0
1301.0 6505.0 1.0
1302.0 6510.0 1.0
1303.0 6515.0 1.0
1304.0 6520.0 1.0
1305.0 6525.0 1.0
1306.0 6530.0 1.0
1307.0 6535.0 1.0
1308.0 6540.0 1.0
1309.0 6545.0 1.0
1310.0 6550.0 1.0
1311.0 6555.0 1.0
1312.0 6560.0 1.0
1313.0 6565.0 1.0
1314.0 6570.0 1.0
1315.0 6575.0 1.0
1316.0 6580.0 1.0
1317.0 6585.0 1.0
1318.0 6590.0 1.0
1319.0 6595.0 1.0
1320.0 6600.0 1.0
1321.0 6605.0 1.0
1322.0 6610.0 1.0
1323.0 6615.0 1.0
1324.0 6620.0 1.0
1325.0 6625.0 1.0
1326.0 6630.0 1.0
1327.0 6635.0 1.0
1328.0 6640.0 1.0
1329.0 6645.0 1.0
1330.0 6650.0 1.0
1331.0 6655.0 1.0
1332.0 6660.0 1.0
1333.0 6665.0 1.0
1334.0 6670.0 1.0
1335.0 6675.0 1.0
1336.0 6680.0 1.0
1337.0 6685.0 1.0
1338.0 6690.0 1.0
1339.0 6695.0 1.0
1340.0 6700.0 1.0
1341.0 6705.0 1.0
1342.0 6710.0 1.0
1343.0 6715.0 1.0
1344.0 6720.0 1.0
1345.0 6725.0 1.0
1346.0 6730.0 1.0
1347.0 6735.0 1.0
1348.0 6740.0 1.0
1349.0 6745.0 1.0
1350.0 6750.0 1.0
1351.0 6755.0 1.0
1352.0 6760.0 1.0
1353.0 6765.0 1.0
1354.0 6770.0 1.0
1355.0 6775.0 1.0
1356.0 6780.0 1.0
1357.0 6785.0 1.0
1358.0 6790.0 1.0
1359.0 6795.0 1.0
1360.0 6800.0 1.0
1361.0 6805.0 1.0
1362.0 6810.0 1.0
1363.0 6815.0 1.0
1364.0 6820.0 1.0
1365.0 6825.0 1.0
1366.0 6830.0 1.0
1367.0 6835.0 1.0
1368.0 6840.0 1.0
1369.0 6845.0 1.0
1370.0 6850.0 1.0
1371.0 6855.0 1.0
1372.0 6860.0 1.0
1373.0 6865.0 1.0
1374.0 6870.0 1.0
1375.0 6875.0 1.0
1376.0 6880.0 1.0
1377.0 6885.0 1.0
1378.0 6890.0 1.0
1379.0 6895.0 1.0
1380.0 6900.0 1.0
1381.0 6905.0 1.0
1382.0 6910.0 1.0
1383.0 6915.0 1.0
1384.0 6920.0 1.0
1385.0 6925.0 1.0
1386.0 6930.0 1.0
1387.0 6935.0 1.0
1388.0 6940.0 1.0
1389.0 6945.0 1.0
1390.0 6950.0 1.0
1391.0 6955.0 1.0
1392.0 6960.0 1.0
1393.0 6965.0 1.0
1394.0 6970.0 1.0
1395.0 6975.0 1.0
1396.0 6980.0 1.0
1397.0 6985.0 1.0
1398.0 6990.0 1.0
1399.0 6995.0 1.0
1400.0 7000.0 1.0
1401.0 7005.0 1.0
1402.0 7010.0 1.0
1403.0 7015.0 1.0
1404.0 7020.0 1.0
1405.0 7025.0 1.0
1406.0 7030.0 1.0
1407.0 7035.0 1.0
1408.0 7040.0 1.0
1409.0 7045.0 1.0
1410.0 7050.0 1.0
1411.0 7055.0 1.0
1412.0 7060.0 1.0
1413.0 7065.0 1.0
1414.0 7070.0 1.0
1415.0 7075.0 1.0
1416.0 7080.0 1.0
1417.0 7085.0 1.0
1418.0 7090.0 1.0
1419.0 7095.0 1.0
1420.0 7100.0 1.0
1421.0 7105.0 1.0
1422.0 7110.0 1.0
1423.0 7115.0 1.0
1424.0 7120.0 1.0
1425.0 7125.0 1.0
1426.0 7130.0 1.0
1427.0 7135.0 1.0
1428.0 7140.0 1.0
1429.0 7145.0 1.0
1430.0 7150.0 1.0
1431.0 7155.0 1.0
1432.0 7160.0 1.0
1433.0 7165.0 1.0
1434.0 7170.0 1.0
1435.0 7175.0 1.0
1436.0 7180.0 1.0
1437.0 7185.0 1.0
1438.0 7190.0 1.0
1439.0 7195.0 1.0
1440.0 7200.0 1.0
1441.0 7205.0 1.0
1442.0 7210.0 1.0
1443.0 7215.0 1.0
1444.0 7220.0 1.0
1445.0 7225.0 1.0
1446.0 7230.0 1.0
1447.0 7235.0 1.0
1448.0 7240.0 1.0
1449.0 7245.0 1.0
1450.0 7250.0 1.0
1451.0 7255.0 1.0
1452.0 7260.0 1.0
1453.0 7265.0 1.0
1454.0 7270.0 1.0
1455.0 7275.0 1.0
1456.0 7280.0 1.0
1457.0 7285.0 1.0
1458.0 7290.0 1.0
1459.0 7295.0 1.0
1460.0 7300.0 1.0
1461.0 7305.0 1.0
1462.0 7310.0 1.0
1463.0 7315.0 1.0
1464.0 7320.0 1.0
1465.0 7325.0 1.0
1466.0 7330.0 1.0
1467.0 7335.0 1.0
1468.0 7340.0 1.0
1469.0 7345.0 1.0
1470.0 7350.0 1.0
1471.0 7355.0 1.0
1472.0 7360.0 1.0
1473.0 7365.0 1.0
1474.0 7370.0 1.0
1475.0 7375.0 1.0
1476.0 7380.0 1.0
1477.0 7385.0 1.0
1478.0 7390.0 1.0
1479.0 7395.0 1.0
1480.0 7400.0 1.0
1481.0 7405.0 1.0
1482.0 7410.0 1.0
1483.0 7415.0 1.0
1484.0 7420.0 1.0
1485.0 7425.0 1.0
1486.0 7430.0 1.0
1487.0 7435.0 1.0
1488.0 7440.0 1.0
1489.0 7445.0 1.0
1490.0 7450.0 1.0
1491.0 7455.0 1.0
1492.0 7460.0 1.0
1493.0 7465.0 1.0
1494.0 7470.0 1.0
1495.0 7475.0 1.0
1496.0 7480.0 1.0
1497.0 7485.0 1.0
1498.0 7490.0 1.0
1499.0 7495.0 1.0
1500.0 7500.0 1.0
1501.0 7505.0 1.0
1502.0 7510.0 1.0
1503.0 7515.0 1.0
1504.0 7520.0 1.0
1505.0 7525.0 1.0
1506.0 7530.0 1.0
1507.0 7535.0 1.0
1508.0 7540.0 1.0
1509.0 7545.0 1.0
1510.0 7550.0 1.0
1511.0 7555.0 1.0
1512.0 7560.0 1.0
1513.0 7565.0 1.0
1514.0 7570.0 1.0
1515.0 7575.0 1.0
1516.0 7580.0 1.0
1517.0 7585.0 1.0
1518.0 7590.0 1.0
1519.0 7595.0 1.0
1520.0 7600.0 1.0
1521.0 7605.0 1.0
1522.0 7610.0 1.0
1523.0 7615.0 1.0
1524.0 7620.0 1.0
1525.0 7625.0 1.0
1526.0 7630.0 1.0
1527.0 7635.0 1.0
1528.0 7640.0 1.0
1529.0 7645.0 1.0
1530.0 7650.0 1.0
1531.0 7655.0 1.0
1532.0 7660.0 1.0
1533.0 7665.0 1.0
1534.0 7670.0 1.0
1535.0 7675.0 1.0
1536.0 7680.0 1.0
1537.0 7685.0 1.0
1538.0 7690.0 1.0
1539.0 7695.0 1.0
1540.0 7700.0 1.0
1541.0 7705.0 1.0
1542.0 7710.0 1.0
1543.0 7715.0 1.0
1544.0 7720.0 1.0
1545.0 7725.0 1.0
1546.0 7730.0 1.0
1547.0 7735.0 1.0
1548.0 7740.0 1.0
1549.0 7745.0 1.0
1550.0 7750.0 1.0
1551.0 7755.0 1.0
1552.0 7760.0 1.0
1553.0 7765.0 1.0
1554.0 7770.0 1.0
1555.0 7775.0 1.0
1556.0 7780.0 1.0
1557.0 7785.0 1.0
1558.0 7790.0 1.0
1559.0 7795.0 1.0
1560.0 7800.0 1.0
1561.0 7805.0 1.0
1562.0 7810.0 1.0
1563.0 7815.0 1.0
1564.0 7820.0 1.0
1565.0 7825.0 1.0
1566.0 7830.0 1.0
1567.0 7835.0 1.0
1568.0 7840.0 1.0
1569.0 7845.0 1.0
1570.0 7850.0 1.0
1571.0 7855.0 1.0
1572.0 7860.0 1.0
1573.0 7865.0 1.0
1574.0 7870.0 1.0
1575.0 7875.0 1.0
1576.0 7880.0 1.0
1577.0 7885.0 1.0
1578.0 7890.0 1.0
1579.0 7895.0 1.0
1580.0 7900.0 1.0
1581.0 7905.0 1.0
1582.0 7910.0 1.0
1583.0 7915.0 1.0
1584.0 7920.0 1.0
1585.0 7925.0 1.0
1586.0 7930.0 1.0
1587.0 7935.0 1.0
1588.0 7940.0 1.0
1589.0 7945.0 1.0
1590.0 7950.0 1.0
1591.0 7955.0 1.0
1592.0 7960.0 1.0
1593.0 7965.0 1.0
1594.0 7970.0 1.0
1595.0 7975.0 1.0
1596.0 7980.0 1.0
1597.0 7985.0 1.0
1598.0 7990.0 1.0
1599.0 7995.0 1.0
1600.0 8000.0 1.0
1601.0 8005.0 1.0
1602.0 8010.0 1.0
1603.0 8015.0 1.0
1604.0 8020.0 1.0
1605.0 8025.0 1.0
1606.0 8030.0 1.0
1607.0 8035.0 1.0
1608.0 8040.0 1.0
1609.0 8045.0 1.0
1610.0 8050.0 1.0
1611.0 8055.0 1.0
1612.0 8060.0 1.0
1613.0 8065.0 1.0
1614.0 8070.0 1.0
1615.0 8075.0 1.0
1616.0 8080.0 1.0
1617.0 8085.0 1.0
1618.0 8090.0 1.0
1619.0 8095.0 1.0
1620.0 8100.0 1.0
1621.0 8105.0 1.0
1622.0 8110.0 1.0
1623.0 8115.0 1.0
1624.0 8120.0 1.0
1625.0 8125.0 1.0
1626.0 8130.0 1.0
1627.0 8135.0 1.0
1628.0 8140.0 1.0
1629.0 8145.0 1.0
1630.0 8150.0 1.0
1631.0 8155.0 1.0
1632.0 8160.0 1.0
1633.0 8165.0 1.0
1634.0 8170.0 1.0
1635.0 8175.0 1.0
1636.0 8180.0 1.0
1637.0 8185.0 1.0
1638.0 8190.0 1.0
1639.0 8195.0 1.0
1640.0 8200.0 1.0
1641.0 8205.0 1.0
1642.0 8210.0 1.0
1643.0 8215.0 1.0
1644.0 8220.0 1.0
1645.0 8225.0 1.0
1646.0 8230.0 1.0
1647.0 8235.0 1.0
1648.0 8240.0 1.0
1649.0 8245.0 1.0
1650.0 8250.0 1.0
1651.0 8255.0 1.0
1652.0 8260.0 1.0
1653.0 8265.0 1.0
1654.0 8270.0 1.0
1655.0 8275.0 1.0
1656.0 8280.0 1.0
1657.0 8285.0 1.0
1658.0 8290.0 1.0
1659.0 8295.0 1.0
1660.0 8300.0 1.0
1661.0 8305.0 1.0
1662.0 8310.0 1.0
1663.0 8315.0 1.0
1664.0 8320.0 1.0
1665.0 8325.0 1.0
1666.0 8330.0 1.0
1667.0 8335.0 1.0
1668.0 8340.0 1.0
1669.0 8345.0 1.0
1670.0 8350.0 1.0
1671.0 8355.0 1.0
1672.0 8360.0 1.0
1673.0 8365.0 1.0
1674.0 8370.0 1.0
1675.0 8375.0 1.0
1676.0 8380.0 1.0
1677.0 8385.0 1.0
1678.0 8390.0 1.0
1679.0 8395.0 1.0
1680.0 8400.0 1.0
1681.0 8405.0 1.0
1682.0 8410.0 1.0
1683.0 8415.0 1.0
1684.0 8420.0 1.0
1685.0 8425.0 1.0
1686.0 8430.0 1.0
1687.0 8435.0 1.0
1688.0 8440.0 1.0
1689.0 8445.0 1.0
1690.0 8450.0 1.0
1691.0 8455.0 1.0
1692.0 8460.0 1.0
1693.0 8465.0 1.0
1694.0 8470.0 1.0
1695.0 8475.0 1.0
1696.0 8480.0 1.0
1697.0 8485.0 1.0
1698.0 8490.0 1.0
1699.0 8495.0 1.0
1700.0 8500.0 1.0
1701.0 8505.0 1.0
1702.0 8510.0 1.0
1703.0 8515.0 1.0
1704.0 8520.0 1.0
1705.0 8525.0 1.0
1706.0 8530.0 1.0
1707.0 8535.0 1.0
1708.0 8540.0 1.0
1709.0 8545.0 1.0
1710.0 8550.0 1.0
1711.0 8555.0 1.0
1712.0 8560.0 1.0
1713.0 8565.0 1.0
1714.0 8570.0 1.0
1715.0 8575.0 1.0
1716.0 8580.0 1.0
1717.0 8585.0 1.0
1718.0 8590.0 1.0
1719.0 8595.0 1.0
1720.0 8600.0 1.0
1721.0 8605.0 1.0
1722.0 8610.0 1.0
1723.0 8615.0 1.0
1724.0 8620.0 1.0
1725.0 8625.0 1.0
1726.0 8630.0 1.0
1727.0 8635.0 1.0
1728.0 8640.0 1.0
1729.0 8645.0 1.0
1730.0 8650.0 1.0
1731.0 8655.0 1.0
1732.0 8660.0 1.0
1733.0 8665.0 1.0
1734.0 8670.0 1.0
1735.0 8675.0 1.0
1736.0 8680.0 1.0
1737.0 8685.0 1.0
1738.0 8690.0 1.0
1739.0 8695.0 1.0
1740.0 8700.0 1.0
1741.0 8705.0 1.0
1742.0 8710.0 1.0
1743.0 8715.0 1.0
1744.0 8720.0 1.0
1745.0 8725.0 1.0
1746.0 8730.0 1.0
1747.0 8735.0 1.0
1748.0 8740.0 1.0
1749.0 8745.0 1.0
1750.0 8750.0 1.0
1751.0 8755.0 1.0
1752.0 8760.0 1.0
1753.0 8765.0 1.0
1754.0 8770.0 1.0
1755.0 8775.0 1.0
1756.0 8780.0 1.0
1757.0 8785.0 1.0
1758.0 8790.0 1.0
1759.0 8795.0 1.0
1760.0 8800.0 1.0
1761.0 8805.0 1.0
1762.0 8810.0 1.0
1763.0 8815.0 1.0
1764.0 8820.0 1.0
1765.0 8825.0 1.0
1766.0 8830.0 1.0
1767.0 8835.0 1.0
1768.0 8840.0 1.0
1769.0 8845.0 1.0
1770.0 8850.0 1.0
1771.0 8855.0 1.0
1772.0 8860.0 1.0
1773.0 8865.0 1.0
1774.0 8870.0 1.0
1775.0 8875.0 1.0
1776.0 8880.0 1.0
1777.0 8885.0 1.0
1778.0 8890.0 1.0
1779.0 8895.0 1.0
1780.0 8900.0 1.0
1781.0 8905.0 1.0
1782.0 8910.0 1.0
1783.0 8915.0 1.0
1784.0 8920.0 1.0
1785.0 8925.0 1.0
1786.0 8930.0 1.0
1787.0 8935.0 1.0
1788.0 8940.0 1.0
1789.0 8945.0 1.0
1790.0 8950.0 1.0
1791.0 8955.0 1.0
1792.0 8960.0 1.0
1793.0 8965.0 1.0
1794.0 8970.0 1.0
1795.0 8975.0 1.0
1796.0 8980.0 1.0
1797.0 8985.0 1.0
1798.0 8990.0 1.0
1799.0 8995.0 1.0
1800.0 9000.0 1.0
1801.0 9005.0 1.0
1802.0 9010.0 1.0
1803.0 9015.0 1.0
1804.0 9020.0 1.0
1805.0 9025.0 1.0
1806.0 9030.0 1.0
1807.0 9035.0 1.0
1808.0 9040.0 1.0
1809.0 9045.0 1.0
1810.0 9050.0 1.0
1811.0 9055.0 1.0
1812.0 9060.0 1.0
1813.0 9065.0 1.0
1814.0 9070.0 1.0
1815.0 9075.0 1.0
1816.0 9080.0 1.0
1817.0 9085.0 1.0
1818.0 9090.0 1.0
1819.0 9095.0 1.0
1820.0 9100.0 1.0
1821.0 9105.0 1.0
1822.0 9110.0 1.0
1823.0 9115.0 1.0
1824.0 9120.0 1.0
1825.0 9125.0 1.0
1826.0 9130.0 1.0
1827.0 9135.0 1.0
1828.0 9140.0 1.0
1829.0 9145.0 1.0
1830.0 9150.0 1.0
1831.0 9155.0 1.0
1832.0 9160.0 1.0
1833.0 9165.0 1.0
1834.0 9170.0 1.0
1835.0 9175.0 1.0
1836.0 9180.0 1.0
1837.0 9185.0 1.0
1838.0 9190.0 1.0
1839.0 9195.0 1.0
1840.0 9200.0 1.0
1841.0 9205.0 1.0
1842.0 9210.0 1.0
1843.0 9215.0 1.0
1844.0 9220.0 1.0
1845.0 9225.0 1.0
1846.0 9230.0 1.0
1847.0 9235.0 1.0
1848.0 9240.0 1.0
1849.0 9245.0 1.0
1850.0 9250.0 1.0
1851.0 9255.0 1.0
1852.0 9260.0 1.0
1853.0 9265.0 1.0
1854.0 9270.0 1.0
1855.0 9275.0 1.0
1856.0 9280.0 1.0
1857.0 9285.0 1.0
1858.0 9290.0 1.0
1859.0 9295.0 1.0
1860.0 9300.0 1.0
1861.0 9305.0 1.0
1862.0 9310.0 1.0
1863.0 9315.0 1.0
1864.0 9320.0 1.0
1865.0 9325.0 1.0
1866.0 9330.0 1.0
1867.0 9335.0 1.0
1868.0 9340.0 1.0
1869.0 9345.0 1.0
1870.0 9350.0 1.0
1871.0 9355.0 1.0
1872.0 9360.0 1.0
1873.0 9365.0 1.0
1874.0 9370.0 1.0
1875.0 9375.0 1.0
1876.0 9380.0 1.0
1877.0 9385.0 1.0
1878.0 9390.0 1.0
1879.0 9395.0 1.0
1880.0 9400.0 1.0
1881.0 9405.0 1.0
1882.0 9410.0 1.0
1883.0 9415.0 1.0
1884.0 9420.0 1.0
1885.0 9425.0 1.0
1886.0 9430.0 1.0
1887.0 9435.0 1.0
1888.0 9440.0 1.0
1889.0 9445.0 1.0
1890.0 9450.0 1.0
1891.0 9455.0 1.0
1892.0 9460.0 1.0
1893.0 9465.0 1.0
1894.0 9470.0 1.0
1895.0 9475.0 1.0
1896.0 9480.0 1.0
1897.0 9485.0 1.0
1898.0 9490.0 1.0
1899.0 9495.0 1.0
1900.0 9500.0 1.0
1901.0 9505.0 1.0
1902.0 9510.0 1.0
1903.0 9515.0 1.0
1904.0 9520.0 1.0
1905.0 9525.0 1.0
1906.0 9530.0 1.0
1907.0 9535.0 1.0
1908.0 9540.0 1.0
1909.0 9545.0 1.0
1910.0 9550.0 1.0
1911.0 9555.0 1.0
1912.0 9560.0 1.0
1913.0 9565.0 1.0
1914.0 9570.0 1.0
1915.0 9575.0 1.0
1916.0 9580.0 1.0
1917.0 9585.0 1.0
1918.0 9590.0 1.0
1919.0 9595.0 1.0
1920.0 9600.0 1.0
1921.0 9605.0 1.0
1922.0 9610.0 1.0
1923.0 9615.0 1.0
1924.0 9620.0 1.0
1925.0 9625.0 1.0
1926.0 9630.0 1.0
1927.0 9635.0 1.0
1928.0 9640.0 1.0
1929.0 9645.0 1.0
1930.0 9650.0 1.0
1931.0 9655.0 1.0
1932.0 9660.0 1.0
1933.0 9665.0 1.0
1934.0 9670.0 1.0
1935.0 9675.0 1.0
1936.0 9680.0 1.0
1937.0 9685.0 1.0
1938.0 9690.0 1.0
1939.0 9695.0 1.0
1940.0 9700.0 1.0
1941.0 9705.0 1.0
1942.0 9710.0 1.0
1943.0 9715.0 1.0
1944.0 9720.0 1.0
1945.0 9725.0 1.0
1946.0 9730.0 1.0
1947.0 9735.0 1.0
1948.0 9740.0 1.0
1949.0 9745.0 1.0
1950.0 9750.0 1.0
1951.0 9755.0 1.0
1952.0 9760.0 1.0
1953.0 9765.0 1.0
1954.0 9770.0 1.0
1955.0 9775.0 1.0
1956.0 9780.0 1.0
1957.0 9785.0 1.0
1958.0 9790.0 1.0
1959.0 9795.0 1.0
1960.0 9800.0 1.0
1961.0 9805.0 1.0
1962.0 9810.0 1.0
1963.0 9815.0 1.0
1964.0 9820.0 1.0
1965.0 9825.0 1.0
1966.0 9830.0 1.0
1967.0 9835.0 1.0
1968.0 9840.0 1.0
1969.0 9845.0 1.0
1970.0 9850.0 1.0
1971.0 9855.0 1.0
1972.0 9860.0 1.0
1973.0 9865.0 1.0
1974.0 9870.0 1.0
1975.0 9875.0 1.0
1976.0 9880.0 1.0
1977.0 9885.0 1.0
1978.0 9890.0 1.0
1979.0 9895.0 1.0
1980.0 9900.0 1.0
1981.0 9905.0 1.0
1982.0 9910.0 1.0
1983.0 9915.0 1.0
1984.0 9920.0 1.0
1985.0 9925.0 1.0
1986.0 9930.0 1.0
1987.0 9935.0 1.0
1988.0 9940.0 1.0
1989.0 9945.0 1.0
1990.0 9950.0 1.0
1991.0 9955.0 1.0
1992.0 9960.0 1.0
1993.0 9965.0 1.0
1994.0 9970.0 1.0
1995.0 9975.0 1.0
1996.0 9980.0 1.0
1997.0 9985.0 1.0
1998.0 9990.0 1.0
1999.0 9995.0 1.0
2000.0 10000.0 1.0
2001.0 10005.0 1.0
2002.0 10010.0 1.0
2003.0 10015.0 1.0
2004.0 10020.0 1.0
2005.0 10025.0 1.0
2006.0 10030.0 1.0
2007.0 10035.0 1.0
2008.0 10040.0 1.0
2009.0 10045.0 1.0
2010.0 10050.0 1.0
2011.0 10055.0 1.0
2012.0 10060.0 1.0
2013.0 10065.0 1.0
2014.0 10070.0 1.0
2015.0 10075.0 1.0
2016.0 10080.0 1.0
2017.0 10085.0 1.0
2018.0 10090.0 1.0
2019.0 10095.0 1.0
2020.0 10100.0 1.0
2021.0 10105.0 1.0
2022.0 10110.0 1.0
2023.0 10115.0 1.0
2024.0 10120.0 1.0
2025.0 10125.0 1.0
2026.0 10130.0 1.0
2027.0 10135.0 1.0
2028.0 10140.0 1.0
2029.0 10145.0 1.0
2030.0 10150.0 1.0
2031.0 10155.0 1.0
2032.0 10160.0 1.0
2033.0 10165.0 1.0
2034.0 10170.0 1.0
2035.0 10175.0 1.0
2036.0 10180.0 1.0
2037.0 10185.0 1.0
2038.0 10190.0 1.0
2039.0 10195.0 1.0
2040.0 10200.0 1.0
2041.0 10205.0 1.0
2042.0 10210.0 1.0
2043.0 10215.0 1.0
2044.0 10220.0 1.0
2045.0 10225.0 1.0
2046.0 10230.0 1.0
2047.0 10235.0 1.0
2048.0 10240.0 1.0
2049.0 10245.0 1.0
2050.0 10250.0 1.0
2051.0 10255.0 1.0
2052.0 10260.0 1.0
2053.0 10265.0 1.0
2054.0 10270.0 1.0
2055.0 10275.0 1.0
2056.0 10280.0 1.0
2057.0 10285.0 1.0
2058.0 10290.0 1.0
2059.0 10295.0 1.0
2060.0 10300.0 1.0
2061.0 10305.0 1.0
2062.0 10310.0 1.0
2063.0 10315.0 1.0
2064.0 10320.0 1.0
2065.0 10325.0 1.0
2066.0 10330.0 1.0
2067.0 10335.0 1.0
2068.0 10340.0 1.0
2069.0 10345.0 1.0
2070.0 10350.0 1.0
2071.0 10355.0 1.0
2072.0 10360.0 1.0
2073.0 10365.0 1.0
2074.0 10370.0 1.0
2075.0 10375.0 1.0
2076.0 10380.0 1.0
2077.0 10385.0 1.0
2078.0 10390.0 1.0
2079.0 10395.0 1.0
2080.0 10400.0 1.0
2081.0 10405.0 1.0
2082.0 10410.0 1.0
2083.0 10415.0 1.0
2084.0 10420.0 1.0
2085.0 10425.0 1.0
2086.0 10430.0 1.0
2087.0 10435.0 1.0
2088.0 10440.0 1.0
2089.0 10445.0 1.0
2090.0 10450.0 1.0
2091.0 10455.0 1.0
2092.0 10460.0 1.0
2093.0 10465.0 1.0
2094.0 10470.0 1.0
2095.0 10475.0 1.0
2096.0 10480.0 1.0
2097.0 10485.0 1.0
2098.0 10490.0 1.0
2099.0 10495.0 1.0
2100.0 10500.0 1.0
2101.0 10505.0 1.0
2102.0 10510.0 1.0
2103.0 10515.0 1.0
2104.0 10520.0 1.0
2105.0 10525.0 1.0
2106.0 10530.0 1.0
2107.0 10535.0 1.0
2108.0 10540.0 1.0
2109.0 10545.0 1.0
2110.0 10550.0 1.0
2111.0 10555.0 1.0
2112.0 10560.0 1.0
2113.0 10565.0 1.0
2114.0 10570.0 1.0
2115.0 10575.0 1.0
2116.0 10580.0 1.0
2117.0 10585.0 1.0
2118.0 10590.0 1.0
2119.0 10595.0 1.0
2120.0 10600.0 1.0
2121.0 10605.0 1.0
2122.0 10610.0 1.0
2123.0 10615.0 1.0
2124.0 10620.0 1.0
2125.0 10625.0 1.0
2126.0 10630.0 1.0
2127.0 10635.0 1.0
2128.0 10640.0 1.0
2129.0 10645.0 1.0
2130.0 10650.0 1.0
2131.0 10655.0 1.0
2132.0 10660.0 1.0
2133.0 10665.0 1.0
2134.0 10670.0 1.0
2135.0 10675.0 1.0
2136.0 10680.0 1.0
2137.0 10685.0 1.0
2138.0 10690.0 1.0
2139.0 10695.0 1.0
2140.0 10700.0 1.0
2141.0 10705.0 1.0
2142.0 10710.0 1.0
2143.0 10715.0 1.0
2144.0 10720.0 1.0
2145.0 10725.0 1.0
2146.0 10730.0 1.0
2147.0 10735.0 1.0
2148.0 10740.0 1.0
2149.0 10745.0 1.0
2150.0 10750.0 1.0
2151.0 10755.0 1.0
2152.0 10760.0 1.0
2153.0 10765.0 1.0
2154.0 10770.0 1.0
2155.0 10775.0 1.0
2156.0 10780.0 1.0
2157.0 10785.0 1.0
2158.0 10790.0 1.0
2159.0 10795.0 1.0
2160.0 10800.0 1.0
2161.0 10805.0 1.0
2162.0 10810.0 1.0
2163.0 10815.0 1.0
2164.0 10820.0 1.0
2165.0 10825.0 1.0
2166.0 10830.0 1.0
2167.0 10835.0 1.0
2168.0 10840.0 1.0
2169.0 10845.0 1.0
2170.0 10850.0 1.0
2171.0 10855.0 1.0
2172.0 10860.0 1.0
2173.0 10865.0 1.0
2174.0 10870.0 1.0
2175.0 10875.0 1.0
2176.0 10880.0 1.0
2177.0 10885.0 1.0
2178.0 10890.0 1.0
2179.0 10895.0 1.0
2180.0 10900.0 1.0
2181.0 10905.0 1.0
2182.0 10910.0 1.0
2183.0 10915.0 1.0
2184.0 10920.0 1.0
2185.0 10925.0 1.0
2186.0 10930.0 1.0
2187.0 10935.0 1.0
2188.0 10940.0 1.0
2189.0 10945.0 1.0
2190.0 10950.0 1.0
2191.0 10955.0 1.0
2192.0 10960.0 1.0
2193.0 10965.0 1.0
2194.0 10970.0 1.0
2195.0 10975.0 1.0
2196.0 10980.0 1.0
2197.0 10985.0 1.0
2198.0 10990.0 1.0
2199.0 10995.0 1.0
2200.0 11000.0 1.0
2201.0 11005.0 1.0
2202.0 11010.0 1.0
2203.0 11015.0 1.0
2204.0 11020.0 1.0
2205.0 11025.0 1.0
2206.0 11030.0 1.0
2207.0 11035.0 1.0
2208.0 11040.0 1.0
2209.0 11045.0 1.0
2210.0 11050.0 1.0
2211.0 11055.0 1.0
2212.0 11060.0 1.0
2213.0 11065.0 1.0
2214.0 11070.0 1.0
2215.0 11075.0 1.0
2216.0 11080.0 1.0
2217.0 11085.0 1.0
2218.0 11090.0 1.0
2219.0 11095.0 1.0
2220.0 11100.0 1.0
2221.0 11105.0 1.0
2222.0 11110.0 1.0
2223.0 11115.0 1.0
2224.0 11120.0 1.0
2225.0 11125.0 1.0
2226.0 11130.0 1.0
2227.0 11135.0 1.0
2228.0 11140.0 1.0
2229.0 11145.0 1.0
2230.0 11150.0 1.0
2231.0 11155.0 1.0
2232.0 11160.0 1.0
2233.0 11165.0 1.0
2234.0 11170.0 1.0
2235.0 11175.0 1.0
2236.0 11180.0 1.0
2237.0 11185.0 1.0
2238.0 11190.0 1.0
2239.0 11195.0 1.0
2240.0 11200.0 1.0
2241.0 11205.0 1.0
2242.0 11210.0 1.0
2243.0 11215.0 1.0
2244.0 11220.0 1.0
2245.0 11225.0 1.0
2246.0 11230.0 1.0
2247.0 11235.0 1.0
2248.0 11240.0 1.0
2249.0 11245.0 1.0
2250.0 11250.0 1.0
2251.0 11255.0 1.0
2252.0 11260.0 1.0
2253.0 11265.0 1.0
2254.0 11270.0 1.0
2255.0 11275.0 1.0
2256.0 11280.0 1.0
2257.0 11285.0 1.0
2258.0 11290.0 1.0
2259.0 11295.0 1.0
2260.0 11300.0 1.0
2261.0 11305.0 1.0
2262.0 11310.0 1.0
2263.0 11315.0 1.0
2264.0 11320.0 1.0
2265.0 11325.0 1.0
2266.0 11330.0 1.0
2267.0 11335.0 1.0
2268.0 11340.0 1.0
2269.0 11345.0 1.0
2270.0 11350.0 1.0
2271.0 11355.0 1.0
2272.0 11360.0 1.0
2273.0 11365.0 1.0
2274.0 11370.0 1.0
2275.0 11375.0 1.0
2276.0 11380.0 1.0
2277.0 11385.0 1.0
2278.0 11390.0 1.0
2279.0 11395.0 1.0
2280.0 11400.0 1.0
2281.0 11405.0 1.0
2282.0 11410.0 1.0
2283.0 11415.0 1.0
2284.0 11420.0 1.0
2285.0 11425.0 1.0
2286.0 11430.0 1.0
2287.0 11435.0 1.0
2288.0 11440.0 1.0
2289.0 11445.0 1.0
2290.0 11450.0 1.0
2291.0 11455.0 1.0
2292.0 11460.0 1.0
2293.0 11465.0 1.0
2294.0 11470.0 1.0
2295.0 11475.0 1.0
2296.0 11480.0 1.0
2297.0 11485.0 1.0
2298.0 11490.0 1.0
2299.0 11495.0 1.0
2300.0 11500.0 1.0
2301.0 11505.0 1.0
2302.0 11510.0 1.0
2303.0 11515.0 1.0
2304.0 11520.0 1.0
2305.0 11525.0 1.0
2306.0 11530.0 1.0
2307.0 11535.0 1.0
2308.0 11540.0 1.0
2309.0 11545.0 1.0
2310.0 11550.0 1.0
2311.0 11555.0 1.0
2312.0 11560.0 1.0
2313.0 11565.0 1.0
2314.0 11570.0 1.0
2315.0 11575.0 1.0
2316.0 11580.0 1.0
2317.0 11585.0 1.0
2318.0 11590.0 1.0
2319.0 11595.0 1.0
2320.0 11600.0 1.0
2321.0 11605.0 1.0
2322.0 11610.0 1.0
2323.0 11615.0 1.0
2324.0 11620.0 1.0
2325.0 11625.0 1.0
2326.0 11630.0 1.0
2327.0 11635.0 1.0
2328.0 11640.0 1.0
2329.0 11645.0 1.0
2330.0 11650.0 1.0
2331.0 11655.0 1.0
2332.0 11660.0 1.0
2333.0 11665.0 1.0
2334.0 11670.0 1.0
2335.0 11675.0 1.0
2336.0 11680.0 1.0
2337.0 11685.0 1.0
2338.0 11690.0 1.0
2339.0 11695.0 1.0
2340.0 11700.0 1.0
2341.0 11705.0 1.0
2342.0 11710.0 1.0
2343.0 11715.0 1.0
2344.0 11720.0 1.0
2345.0 11725.0 1.0
2346.0 11730.0 1.0
2347.0 11735.0 1.0
2348.0 11740.0 1.0
2349.0 11745.0 1.0
2350.0 11750.0 1.0
2351.0 11755.0 1.0
2352.0 11760.0 1.0
2353.0 11765.0 1.0
2354.0 11770.0 1.0
2355.0 11775.0 1.0
2356.0 11780.0 1.0
2357.0 11785.0 1.0
2358.0 11790.0 1.0
2359.0 11795.0 1.0
2360.0 11800.0 1.0
2361.0 11805.0 1.0
2362.0 11810.0 1.0
2363.0 11815.0 1.0
2364.0 11820.0 1.0
2365.0 11825.0 1.0
2366.0 11830.0 1.0
2367.0 11835.0 1.0
2368.0 11840.0 1.0
2369.0 11845.0 1.0
2370.0 11850.0 1.0
2371.0 11855.0 1.0
2372.0 11860.0 1.0
2373.0 11865.0 1.0
2374.0 11870.0 1.0
2375.0 11875.0 1.0
2376.0 11880.0 1.0
2377.0 11885.0 1.0
2378.0 11890.0 1.0
2379.0 11895.0 1.0
2380.0 11900.0 1.0
2381.0 11905.0 1.0
2382.0 11910.0 1.0
2383.0 11915.0 1.0
2384.0 11920.0 1.0
2385.0 11925.0 1.0
2386.0 11930.0 1.0
2387.0 11935.0 1.0
2388.0 11940.0 1.0
2389.0 11945.0 1.0
2390.0 11950.0 1.0
2391.0 11955.0 1.0
2392.0 11960.0 1.0
2393.0 11965.0 1.0
2394.0 11970.0 1.0
2395.0 11975.0 1.0
2396.0 11980.0 1.0
2397.0 11985.0 1.0
2398.0 11990.0 1.0
2399.0 11995.0 1.0
2400.0 12000.0 1.0
2401.0 12005.0 1.0
2402.0 12010.0 1.0
2403.0 12015.0 1.0
2404.0 12020.0 1.0
2405.0 12025.0 1.0
2406.0 12030.0 1.0
2407.0 12035.0 1.0
2408.0 12040.0 1.0
2409.0 12045.0 1.0
2410.0 12050.0 1.0
2411.0 12055.0 1.0
2412.0 12060.0 1.0
2413.0 12065.0 1.0
2414.0 12070.0 1.0
2415.0 12075.0 1.0
2416.0 12080.0 1.0
2417.0 12085.0 1.0
2418.0 12090.0 1.0
2419.0 12095.0 1.0
2420.0 12100.0 1.0
2421.0 12105.0 1.0
2422.0 12110.0 1.0
2423.0 12115.0 1.0
2424.0 12120.0 1.0
2425.0 12125.0 1.0
2426.0 12130.0 1.0
2427.0 12135.0 1.0
2428.0 12140.0 1.0
2429.0 12145.0 1.0
2430.0 12150.0 1.0
2431.0 12155.0 1.0
2432.0 12160.0 1.0
2433.0 12165.0 1.0
2434.0 12170.0 1.0
2435.0 12175.0 1.0
2436.0 12180.0 1.0
2437.0 12185.0 1.0
2438.0 12190.0 1.0
2439.0 12195.0 1.0
2440.0 12200.0 1.0
2441.0 12205.0 1.0
2442.0 12210.0 1.0
2443.0 12215.0 1.0
2444.0 12220.0 1.0
2445.0 12225.0 1.0
2446.0 12230.0 1.0
2447.0 12235.0 1.0
2448.0 12240.0 1.0
2449.0 12245.0 1.0
2450.0 12250.0 1.0
2451.0 12255.0 1.0
2452.0 12260.0 1.0
2453.0 12265.0 1.0
2454.0 12270.0 1.0
2455.0 12275.0 1.0
2456.0 12280.0 1.0
2457.0 12285.0 1.0
2458.0 12290.0 1.0
2459.0 12295.0 1.0
2460.0 12300.0 1.0
2461.0 12305.0 1.0
2462.0 12310.0 1.0
2463.0 12315.0 1.0
2464.0 12320.0 1.0
2465.0 12325.0 1.0
2466.0 12330.0 1.0
2467.0 12335.0 1.0
2468.0 12340.0 1.0
2469.0 12345.0 1.0
2470.0 12350.0 1.0
2471.0 12355.0 1.0
2472.0 12360.0 1.0
2473.0 12365.0 1.0
2474.0 12370.0 1.0
2475.0 12375.0 1.0
2476.0 12380.0 1.0
2477.0 12385.0 1.0
2478.0 12390.0 1.0
2479.0 12395.0 1.0
2480.0 12400.0 1.0
2481.0 12405.0 1.0
2482.0 12410.0 1.0
2483.0 12415.0 1.0
2484.0 12420.0 1.0
2485.0 12425.0 1.0
2486.0 12430.0 1.0
2487.0 12435.0 1.0
2488.0 12440.0 1.0
2489.0 12445.0 1.0
2490.0 12450.0 1.0
2491.0 12455.0 1.0
2492.0 12460.0 1.0
2493.0 12465.0 1.0
2494.0 12470.0 1.0
2495.0 12475.0 1.0
2496.0 12480.0 1.0
2497.0 12485.0 1.0
2498.0 12490.0 1.0
2499.0 12495.0 1.0
2500.0 12500.0 1.0
2501.0 12505.0 1.0
2502.0 12510.0 1.0
2503.0 12515.0 1.0
2504.0 12520.0 1.0
2505.0 12525.0 1.0
2506.0 12530.0 1.0
2507.0 12535.0 1.0
2508.0 12540.0 1.0
2509.0 12545.0 1.0
2510.0 12550.0 1.0
2511.0 12555.0 1.0
2512.0 12560.0 1.0
2513.0 12565.0 1.0
2514.0 12570.0 1.0
2515.0 12575.0 1.0
2516.0 12580.0 1.0
2517.0 12585.0 1.0
2518.0 12590.0 1.0
2519.0 12595.0 1.0
2520.0 12600.0 1.0
2521.0 12605.0 1.0
2522.0 12610.0 1.0
2523.0 12615.0 1.0
2524.0 12620.0 1.0
2525.0 12625.0 1.0
2526.0 12630.0 1.0
2527.0 12635.0 1.0
2528.0 12640.0 1.0
2529.0 12645.0 1.0
2530.0 12650.0 1.0
2531.0 12655.0 1.0
2532.0 12660.0 1.0
2533.0 12665.0 1.0
2534.0 12670.0 1.0
2535.0 12675.0 1.0
2536.0 12680.0 1.0
2537.0 12685.0 1.0
2538.0 12690.0 1.0
2539.0 12695.0 1.0
2540.0 12700.0 1.0
2541.0 12705.0 1.0
2542.0 12710.0 1.0
2543.0 12715.0 1.0
2544.0 12720.0 1.0
2545.0 12725.0 1.0
2546.0 12730.0 1.0
2547.0 12735.0 1.0
2548.0 12740.0 1.0
2549.0 12745.0 1.0
2550.0 12750.0 1.0
2551.0 12755.0 1.0
2552.0 12760.0 1.0
2553.0 12765.0 1.0
2554.0 12770.0 1.0
2555.0 12775.0 1.0
2556.0 12780.0 1.0
2557.0 12785.0 1.0
2558.0 12790.0 1.0
2559.0 12795.0 1.0
2560.0 12800.0 1.0
2561.0 12805.0 1.0
2562.0 12810.0 1.0
2563.0 12815.0 1.0
2564.0 12820.0 1.0
2565.0 12825.0 1.0
2566.0 12830.0 1.0
2567.0 12835.0 1.0
2568.0 12840.0 1.0
2569.0 12845.0 1.0
2570.0 12850.0 1.0
2571.0 12855.0 1.0
2572.0 12860.0 1.0
2573.0 12865.0 1.0
2574.0 12870.0 1.0
2575.0 12875.0 1.0
2576.0 12880.0 1.0
2577.0 12885.0 1.0
2578.0 12890.0 1.0
2579.0 12895.0 1.0
2580.0 12900.0 1.0
2581.0 12905.0 1.0
2582.0 12910.0 1.0
2583.0 12915.0 1.0
2584.0 12920.0 1.0
2585.0 12925.0 1.0
2586.0 12930.0 1.0
2587.0 12935.0 1.0
2588.0 12940.0 1.0
2589.0 12945.0 1.0
2590.0 12950.0 1.0
2591.0 12955.0 1.0
2592.0 12960.0 1.0
2593.0 12965.0 1.0
2594.0 12970.0 1.0
2595.0 12975.0 1.0
2596.0 12980.0 1.0
2597.0 12985.0 1.0
2598.0 12990.0 1.0
2599.0 12995.0 1.0
2600.0 13000.0 1.0
2601.0 13005.0 1.0
2602.0 13010.0 1.0
2603.0 13015.0 1.0
2604.0 13020.0 1.0
2605.0 13025.0 1.0
2606.0 13030.0 1.0
2607.0 13035.0 1.0
2608.0 13040.0 1.0
2609.0 13045.0 1.0
2610.0 13050.0 1.0
2611.0 13055.0 1.0
2612.0 13060.0 1.0
2613.0 13065.0 1.0
2614.0 13070.0 1.0
2615.0 13075.0 1.0
2616.0 13080.0 1.0
2617.0 13085.0 1.0
2618.0 13090.0 1.0
2619.0 13095.0 1.0
2620.0 13100.0 1.0
2621.0 13105.0 1.0
2622.0 13110.0 1.0
2623.0 13115.0 1.0
2624.0 13120.0 1.0
2625.0 13125.0 1.0
2626.0 13130.0 1.0
2627.0 13135.0 1.0
2628.0 13140.0 1.0
2629.0 13145.0 1.0
2630.0 13150.0 1.0
2631.0 13155.0 1.0
2632.0 13160.0 1.0
2633.0 13165.0 1.0
2634.0 13170.0 1.0
2635.0 13175.0 1.0
2636.0 13180.0 1.0
2637.0 13185.0 1.0
2638.0 13190.0 1.0
2639.0 13195.0 1.0
2640.0 13200.0 1.0
2641.0 13205.0 1.0
2642.0 13210.0 1.0
2643.0 13215.0 1.0
2644.0 13220.0 1.0
2645.0 13225.0 1.0
2646.0 13230.0 1.0
2647.0 13235.0 1.0
2648.0 13240.0 1.0
2649.0 13245.0 1.0
2650.0 13250.0 1.0
2651.0 13255.0 1.0
2652.0 13260.0 1.0
2653.0 13265.0 1.0
2654.0 13270.0 1.0
2655.0 13275.0 1.0
2656.0 13280.0 1.0
2657.0 13285.0 1.0
2658.0 13290.0 1.0
2659.0 13295.0 1.0
2660.0 13300.0 1.0
2661.0 13305.0 1.0
2662.0 13310.0 1.0
2663.0 13315.0 1.0
2664.0 13320.0 1.0
2665.0 13325.0 1.0
2666.0 13330.0 1.0
2667.0 13335.0 1.0
2668.0 13340.0 1.0
2669.0 13345.0 1.0
2670.0 13350.0 1.0
2671.0 13355.0 1.0
2672.0 13360.0 1.0
2673.0 13365.0 1.0
2674.0 13370.0 1.0
2675.0 13375.0 1.0
2676.0 13380.0 1.0
2677.0 13385.0 1.0
2678.0 13390.0 1.0
2679.0 13395.0 1.0
2680.0 13400.0 1.0
2681.0 13405.0 1.0
2682.0 13410.0 1.0
2683.0 13415.0 1.0
2684.0 13420.0 1.0
2685.0 13425.0 1.0
2686.0 13430.0 1.0
2687.0 13435.0 1.0
2688.0 13440.0 1.0
2689.0 13445.0 1.0
2690.0 13450.0 1.0
2691.0 13455.0 1.0
2692.0 13460.0 1.0
2693.0 13465.0 1.0
2694.0 13470.0 1.0
2695.0 13475.0 1.0
2696.0 13480.0 1.0
2697.0 13485.0 1.0
2698.0 13490.0 1.0
2699.0 13495.0 1.0
2700.0 13500.0 1.0
2701.0 13505.0 1.0
2702.0 13510.0 1.0
2703.0 13515.0 1.0
2704.0 13520.0 1.0
2705.0 13525.0 1.0
2706.0 13530.0 1.0
2707.0 13535.0 1.0
2708.0 13540.0 1.0
2709.0 13545.0 1.0
2710.0 13550.0 1.0
2711.0 13555.0 1.0
2712.0 13560.0 1.0
2713.0 13565.0 1.0
2714.0 13570.0 1.0
2715.0 13575.0 1.0
2716.0 13580.0 1.0
2717.0 13585.0 1.0
2718.0 13590.0 1.0
2719.0 13595.0 1.0
2720.0 13600.0 1.0
2721.0 13605.0 1.0
2722.0 13610.0 1.0
2723.0 13615.0 1.0
2724.0 13620.0 1.0
2725.0 13625.0 1.0
2726.0 13630.0 1.0
2727.0 13635.0 1.0
2728.0 13640.0 1.0
2729.0 13645.0 1.0
2730.0 13650.0 1.0
2731.0 13655.0 1.0
2732.0 13660.0 1.0
2733.0 13665.0 1.0
2734.0 13670.0 1.0
2735.0 13675.0 1.0
2736.0 13680.0 1.0
2737.0 13685.0 1.0
2738.0 13690.0 1.0
2739.0 13695.0 1.0
2740.0 13700.0 1.0
2741.0 13705.0 1.0
2742.0 13710.0 1.0
2743.0 13715.0 1.0
2744.0 13720.0 1.0
2745.0 13725.0 1.0
2746.0 13730.0 1.0
2747.0 13735.0 1.0
2748.0 13740.0 1.0
2749.0 13745.0 1.0
2750.0 13750.0 1.0
2751.0 13755.0 1.0
2752.0 13760.0 1.0
2753.0 13765.0 1.0
2754.0 13770.0 1.0
2755.0 13775.0 1.0
2756.0 13780.0 1.0
2757.0 13785.0 1.0
2758.0 13790.0 1.0
2759.0 13795.0 1.0
2760.0 13800.0 1.0
2761.0 13805.0 1.0
2762.0 13810.0 1.0
2763.0 13815.0 1.0
2764.0 13820.0 1.0
2765.0 13825.0 1.0
2766.0 13830.0 1.0
2767.0 13835.0 1.0
2768.0 13840.0 1.0
2769.0 13845.0 1.0
2770.0 13850.0 1.0
2771.0 13855.0 1.0
2772.0 13860.0 1.0
2773.0 13865.0 1.0
2774.0 13870.0 1.0
2775.0 13875.0 1.0
2776.0 13880.0 1.0
2777.0 13885.0 1.0
2778.0 13890.0 1.0
2779.0 13895.0 1.0
2780.0 13900.0 1.0
2781.0 13905.0 1.0
2782.0 13910.0 1.0
2783.0 13915.0 1.0
2784.0 13920.0 1.0
2785.0 13925.0 1.0
2786.0 13930.0 1.0
2787.0 13935.0 1.0
2788.0 13940.0 1.0
2789.0 13945.0 1.0
2790.0 13950.0 1.0
2791.0 13955.0 1.0
2792.0 13960.0 1.0
2793.0 13965.0 1.0
2794.0 13970.0 1.0
2795.0 13975.0 1.0
2796.0 13980.0 1.0
2797.0 13985.0 1.0
2798.0 13990.0 1.0
2799.0 13995.0 1.0
2800.0 14000.0 1.0
2801.0 14005.0 1.0
2802.0 14010.0 1.0
2803.0 14015.0 1.0
2804.0 14020.0 1.0
2805.0 14025.0 1.0
2806.0 14030.0 1.0
2807.0 14035.0 1.0
2808.0 14040.0 1.0
2809.0 14045.0 1.0
2810.0 14050.0 1.0
2811.0 14055.0 1.0
2812.0 14060.0 1.0
2813.0 14065.0 1.0
2814.0 14070.0 1.0
2815.0 14075.0 1.0
2816.0 14080.0 1.0
2817.0 14085.0 1.0
2818.0 14090.0 1.0
2819.0 14095.0 1.0
2820.0 14100.0 1.0
2821.0 14105.0 1.0
2822.0 14110.0 1.0
2823.0 14115.0 1.0
2824.0 14120.0 1.0
2825.0 14125.0 1.0
2826.0 14130.0 1.0
2827.0 14135.0 1.0
2828.0 14140.0 1.0
2829.0 14145.0 1.0
2830.0 14150.0 1.0
2831.0 14155.0 1.0
2832.0 14160.0 1.0
2833.0 14165.0 1.0
2834.0 14170.0 1.0
2835.0 14175.0 1.0
2836.0 14180.0 1.0
2837.0 14185.0 1.0
2838.0 14190.0 1.0
2839.0 14195.0 1.0
2840.0 14200.0 1.0
2841.0 14205.0 1.0
2842.0 14210.0 1.0
2843.0 14215.0 1.0
2844.0 14220.0 1.0
2845.0 14225.0 1.0
2846.0 14230.0 1.0
2847.0 14235.0 1.0
2848.0 14240.0 1.0
2849.0 14245.0 1.0
2850.0 14250.0 1.0
2851.0 14255.0 1.0
2852.0 14260.0 1.0
2853.0 14265.0 1.0
2854.0 14270.0 1.0
2855.0 14275.0 1.0
2856.0 14280.0 1.0
2857.0 14285.0 1.0
2858.0 14290.0 1.0
2859.0 14295.0 1.0
2860.0 14300.0 1.0
2861.0 14305.0 1.0
2862.0 14310.0 1.0
2863.0 14315.0 1.0
2864.0 14320.0 1.0
2865.0 14325.0 1.0
2866.0 14330.0 1.0
2867.0 14335.0 1.0
2868.0 14340.0 1.0
2869.0 14345.0 1.0
2870.0 14350.0 1.0
2871.0 14355.0 1.0
2872.0 14360.0 1.0
2873.0 14365.0 1.0
2874.0 14370.0 1.0
2875.0 14375.0 1.0
2876.0 14380.0 1.0
2877.0 14385.0 1.0
2878.0 14390.0 1.0
2879.0 14395.0 1.0
2880.0 14400.0 1.0
2881.0 14405.0 1.0
2882.0 14410.0 1.0
2883.0 14415.0 1.0
2884.0 14420.0 1.0
2885.0 14425.0 1.0
2886.0 14430.0 1.0
2887.0 14435.0 1.0
2888.0 14440.0 1.0
2889.0 14445.0 1.0
2890.0 14450.0 1.0
2891.0 14455.0 1.0
2892.0 14460.0 1.0
2893.0 14465.0 1.0
2894.0 14470.0 1.0
2895.0 14475.0 1.0
2896.0 14480.0 1.0
2897.0 14485.0 1.0
2898.0 14490.0 1.0
2899.0 14495.0 1.0
2900.0 14500.0 1.0
2901.0 14505.0 1.0
2902.0 14510.0 1.0
2903.0 14515.0 1.0
2904.0 14520.0 1.0
2905.0 14525.0 1.0
2906.0 14530.0 1.0
2907.0 14535.0 1.0
2908.0 14540.0 1.0
2909.0 14545.0 1.0
2910.0 14550.0 1.0
2911.0 14555.0 1.0
2912.0 14560.0 1.0
2913.0 14565.0 1.0
2914.0 14570.0 1.0
2915.0 14575.0 1.0
2916.0 14580.0 1.0
2917.0 14585.0 1.0
2918.0 14590.0 1.0
2919.0 14595.0 1.0
2920.0 14600.0 1.0
2921.0 14605.0 1.0
2922.0 14610.0 1.0
2923.0 14615.0 1.0
2924.0 14620.0 1.0
2925.0 14625.0 1.0
2926.0 14630.0 1.0
2927.0 14635.0 1.0
2928.0 14640.0 1.0
2929.0 14645.0 1.0
2930.0 14650.0 1.0
2931.0 14655.0 1.0
2932.0 14660.0 1.0
2933.0 14665.0 1.0
2934.0 14670.0 1.0
2935.0 14675.0 1.0
2936.0 14680.0 1.0
2937.0 14685.0 1.0
2938.0 14690.0 1.0
2939.0 14695.0 1.0
2940.0 14700.0 1.0
2941.0 14705.0 1.0
2942.0 14710.0 1.0
2943.0 14715.0 1.0
2944.0 14720.0 1.0
2945.0 14725.0 1.0
2946.0 14730.0 1.0
2947.0 14735.0 1.0
2948.0 14740.0 1.0
2949.0 14745.0 1.0
2950.0 14750.0 1.0
2951.0 14755.0 1.0
2952.0 14760.0 1.0
2953.0 14765.0 1.0
2954.0 14770.0 1.0
2955.0 14775.0 1.0
2956.0 14780.0 1.0
2957.0 14785.0 1.0
2958.0 14790.0 1.0
2959.0 14795.0 1.0
2960.0 14800.0 1.0
2961.0 14805.0 1.0
2962.0 14810.0 1.0
2963.0 14815.0 1.0
2964.0 14820.0 1.0
2965.0 14825.0 1.0
2966.0 14830.0 1.0
2967.0 14835.0 1.0
2968.0 14840.0 1.0
2969.0 14845.0 1.0
2970.0 14850.0 1.0
2971.0 14855.0 1.0
2972.0 14860.0 1.0
2973.0 14865.0 1.0
2974.0 14870.0 1.0
2975.0 14875.0 1.0
2976.0 14880.0 1.0
2977.0 14885.0 1.0
2978.0 14890.0 1.0
2979.0 14895.0 1.0
2980.0 14900.0 1.0
2981.0 14905.0 1.0
2982.0 14910.0 1.0
2983.0 14915.0 1.0
2984.0 14920.0 1.0
2985.0 14925.0 1.0
2986.0 14930.0 1.0
2987.0 14935.0 1.0
2988.0 14940.0 1.0
2989.0 14945.0 1.0
2990.0 14950.0 1.0
2991.0 14955.0 1.0
2992.0 14960.0 1.0
2993.0 14965.0 1.0
2994.0 14970.0 1.0
2995.0 14975.0 1.0
2996.0 14980.0 1.0
2997.0 14985.0 1.0
2998.0 14990.0 1.0
2999.0 14995.0 1.0
3000.0 15000.0 1.0
3001.0 15005.0 1.0
3002.0 15010.0 1.0
3003.0 15015.0 1.0
3004.0 15020.0 1.0
3005.0 15025.0 1.0
3006.0 15030.0 1.0
3007.0 15035.0 1.0
3008.0 15040.0 1.0
3009.0 15045.0 1.0
3010.0 15050.0 1.0
3011.0 15055.0 1.0
3012.0 15060.0 1.0
3013.0 15065.0 1.0
3014.0 15070.0 1.0
3015.0 15075.0 1.0
3016.0 15080.0 1.0
3017.0 15085.0 1.0
3018.0 15090.0 1.0
3019.0 15095.0 1.0
3020.0 15100.0 1.0
3021.0 15105.0 1.0
3022.0 15110.0 1.0
3023.0 15115.0 1.0
3024.0 15120.0 1.0
3025.0 15125.0 1.0
3026.0 15130.0 1.0
3027.0 15135.0 1.0
3028.0 15140.0 1.0
3029.0 15145.0 1.0
3030.0 15150.0 1.0
3031.0 15155.0 1.0
3032.0 15160.0 1.0
3033.0 15165.0 1.0
3034.0 15170.0 1.0
3035.0 15175.0 1.0
3036.0 15180.0 1.0
3037.0 15185.0 1.0
3038.0 15190.0 1.0
3039.0 15195.0 1.0
3040.0 15200.0 1.0
3041.0 15205.0 1.0
3042.0 15210.0 1.0
3043.0 15215.0 1.0
3044.0 15220.0 1.0
3045.0 15225.0 1.0
3046.0 15230.0 1.0
3047.0 15235.0 1.0
3048.0 15240.0 1.0
3049.0 15245.0 1.0
3050.0 15250.0 1.0
3051.0 15255.0 1.0
3052.0 15260.0 1.0
3053.0 15265.0 1.0
3054.0 15270.0 1.0
3055.0 15275.0 1.0
3056.0 15280.0 1.0
3057.0 15285.0 1.0
3058.0 15290.0 1.0
3059.0 15295.0 1.0
3060.0 15300.0 1.0
3061.0 15305.0 1.0
3062.0 15310.0 1.0
3063.0 15315.0 1.0
3064.0 15320.0 1.0
3065.0 15325.0 1.0
3066.0 15330.0 1.0
3067.0 15335.0 1.0
3068.0 15340.0 1.0
3069.0 15345.0 1.0
3070.0 15350.0 1.0
3071.0 15355.0 1.0
3072.0 15360.0 1.0
3073.0 15365.0 1.0
3074.0 15370.0 1.0
3075.0 15375.0 1.0
3076.0 15380.0 1.0
3077.0 15385.0 1.0
3078.0 15390.0 1.0
3079.0 15395.0 1.0
3080.0 15400.0 1.0
3081.0 15405.0 1.0
3082.0 15410.0 1.0
3083.0 15415.0 1.0
3084.0 15420.0 1.0
3085.0 15425.0 1.0
3086.0 15430.0 1.0
3087.0 15435.0 1.0
3088.0 15440.0 1.0
3089.0 15445.0 1.0
3090.0 15450.0 1.0
3091.0 15455.0 1.0
3092.0 15460.0 1.0
3093.0 15465.0 1.0
3094.0 15470.0 1.0
3095.0 15475.0 1.0
3096.0 15480.0 1.0
3097.0 15485.0 1.0
3098.0 15490.0 1.0
3099.0 15495.0 1.0
3100.0 15500.0 1.0
3101.0 15505.0 1.0
3102.0 15510.0 1.0
3103.0 15515.0 1.0
3104.0 15520.0 1.0
3105.0 15525.0 1.0
3106.0 15530.0 1.0
3107.0 15535.0 1.0
3108.0 15540.0 1.0
3109.0 15545.0 1.0
3110.0 15550.0 1.0
3111.0 15555.0 1.0
3112.0 15560.0 1.0
3113.0 15565.0 1.0
3114.0 15570.0 1.0
3115.0 15575.0 1.0
3116.0 15580.0 1.0
3117.0 15585.0 1.0
3118.0 15590.0 1.0
3119.0 15595.0 1.0
3120.0 15600.0 1.0
3121.0 15605.0 1.0
3122.0 15610.0 1.0
3123.0 15615.0 1.0
3124.0 15620.0 1.0
3125.0 15625.0 1.0
3126.0 15630.0 1.0
3127.0 15635.0 1.0
3128.0 15640.0 1.0
3129.0 15645.0 1.0
3130.0 15650.0 1.0
3131.0 15655.0 1.0
3132.0 15660.0 1.0
3133.0 15665.0 1.0
3134.0 15670.0 1.0
3135.0 15675.0 1.0
3136.0 15680.0 1.0
3137.0 15685.0 1.0
3138.0 15690.0 1.0
3139.0 15695.0 1.0
3140.0 15700.0 1.0
3141.0 15705.0 1.0
3142.0 15710.0 1.0
3143.0 15715.0 1.0
3144.0 15720.0 1.0
3145.0 15725.0 1.0
3146.0 15730.0 1.0
3147.0 15735.0 1.0
3148.0 15740.0 1.0
3149.0 15745.0 1.0
3150.0 15750.0 1.0
3151.0 15755.0 1.0
3152.0 15760.0 1.0
3153.0 15765.0 1.0
3154.0 15770.0 1.0
3155.0 15775.0 1.0
3156.0 15780.0 1.0
3157.0 15785.0 1.0
3158.0 15790.0 1.0
3159.0 15795.0 1.0
3160.0 15800.0 1.0
3161.0 15805.0 1.0
3162.0 15810.0 1.0
3163.0 15815.0 1.0
3164.0 15820.0 1.0
3165.0 15825.0 1.0
3166.0 15830.0 1.0
3167.0 15835.0 1.0
3168.0 15840.0 1.0
3169.0 15845.0 1.0
3170.0 15850.0 1.0
3171.0 15855.0 1.0
3172.0 15860.0 1.0
3173.0 15865.0 1.0
3174.0 15870.0 1.0
3175.0 15875.0 1.0
3176.0 15880.0 1.0
3177.0 15885.0 1.0
3178.0 15890.0 1.0
3179.0 15895.0 1.0
3180.0 15900.0 1.0
3181.0 15905.0 1.0
3182.0 15910.0 1.0
3183.0 15915.0 1.0
3184.0 15920.0 1.0
3185.0 15925.0 1.0
3186.0 15930.0 1.0
3187.0 15935.0 1.0
3188.0 15940.0 1.0
3189.0 15945.0 1.0
3190.0 15950.0 1.0
3191.0 15955.0 1.0
3192.0 15960.0 1.0
3193.0 15965.0 1.0
3194.0 15970.0 1.0
3195.0 15975.0 1.0
3196.0 15980.0 1.0
3197.0 15985.0 1.0
3198.0 15990.0 1.0
3199.0 15995.0 1.0
3200.0 16000.0 1.0
3201.0 16005.0 1.0
3202.0 16010.0 1.0
3203.0 16015.0 1.0
3204.0 16020.0 1.0
3205.0 16025.0 1.0
3206.0 16030.0 1.0
3207.0 16035.0 1.0
3208.0 16040.0 1.0
3209.0 16045.0 1.0
3210.0 16050.0 1.0
3211.0 16055.0 1.0
3212.0 16060.0 1.0
3213.0 16065.0 1.0
3214.0 16070.0 1.0
3215.0 16075.0 1.0
3216.0 16080.0 1.0
3217.0 16085.0 1.0
3218.0 16090.0 1.0
3219.0 16095.0 1.0
3220.0 16100.0 1.0
3221.0 16105.0 1.0
3222.0 16110.0 1.0
3223.0 16115.0 1.0
3224.0 16120.0 1.0
3225.0 16125.0 1.0
3226.0 16130.0 1.0
3227.0 16135.0 1.0
3228.0 16140.0 1.0
3229.0 16145.0 1.0
3230.0 16150.0 1.0
3231.0 16155.0 1.0
3232.0 16160.0 1.0
3233.0 16165.0 1.0
3234.0 16170.0 1.0
3235.0 16175.0 1.0
3236.0 16180.0 1.0
3237.0 16185.0 1.0
3238.0 16190.0 1.0
3239.0 16195.0 1.0
3240.0 16200.0 1.0
3241.0 16205.0 1.0
3242.0 16210.0 1.0
3243.0 16215.0 1.0
3244.0 16220.0 1.0
3245.0 16225.0 1.0
3246.0 16230.0 1.0
3247.0 16235.0 1.0
3248.0 16240.0 1.0
3249.0 16245.0 1.0
3250.0 16250.0 1.0
3251.0 16255.0 1.0
3252.0 16260.0 1.0
3253.0 16265.0 1.0
3254.0 16270.0 1.0
3255.0 16275.0 1.0
3256.0 16280.0 1.0
3257.0 16285.0 1.0
3258.0 16290.0 1.0
3259.0 16295.0 1.0
3260.0 16300.0 1.0
3261.0 16305.0 1.0
3262.0 16310.0 1.0
3263.0 16315.0 1.0
3264.0 16320.0 1.0
3265.0 16325.0 1.0
3266.0 16330.0 1.0
3267.0 16335.0 1.0
3268.0 16340.0 1.0
3269.0 16345.0 1.0
3270.0 16350.0 1.0
3271.0 16355.0 1.0
3272.0 16360.0 1.0
3273.0 16365.0 1.0
3274.0 16370.0 1.0
3275.0 16375.0 1.0
3276.0 16380.0 1.0
3277.0 16385.0 1.0
3278.0 16390.0 1.0
3279.0 16395.0 1.0
3280.0 16400.0 1.0
3281.0 16405.0 1.0
3282.0 16410.0 1.0
3283.0 16415.0 1.0
3284.0 16420.0 1.0
3285.0 16425.0 1.0
3286.0 16430.0 1.0
3287.0 16435.0 1.0
3288.0 16440.0 1.0
3289.0 16445.0 1.0
3290.0 16450.0 1.0
3291.0 16455.0 1.0
3292.0 16460.0 1.0
3293.0 16465.0 1.0
3294.0 16470.0 1.0
3295.0 16475.0 1.0
3296.0 16480.0 1.0
3297.0 16485.0 1.0
3298.0 16490.0 1.0
3299.0 16495.0 1.0
3300.0 16500.0 1.0
3301.0 16505.0 1.0
3302.0 16510.0 1.0
3303.0 16515.0 1.0
3304.0 16520.0 1.0
3305.0 16525.0 1.0
3306.0 16530.0 1.0
3307.0 16535.0 1.0
3308.0 16540.0 1.0
3309.0 16545.0 1.0
3310.0 16550.0 1.0
3311.0 16555.0 1.0
3312.0 16560.0 1.0
3313.0 16565.0 1.0
3314.0 16570.0 1.0
3315.0 16575.0 1.0
3316.0 16580.0 1.0
3317.0 16585.0 1.0
3318.0 16590.0 1.0
3319.0 16595.0 1.0
3320.0 16600.0 1.0
3321.0 16605.0 1.0
3322.0 16610.0 1.0
3323.0 16615.0 1.0
3324.0 16620.0 1.0
3325.0 16625.0 1.0
3326.0 16630.0 1.0
3327.0 16635.0 1.0
3328.0 16640.0 1.0
3329.0 16645.0 1.0
3330.0 16650.0 1.0
3331.0 16655.0 1.0
3332.0 16660.0 1.0
3333.0 16665.0 1.0
3334.0 16670.0 1.0
3335.0 16675.0 1.0
3336.0 16680.0 1.0
3337.0 16685.0 1.0
3338.0 16690.0 1.0
3339.0 16695.0 1.0
3340.0 16700.0 1.0
3341.0 16705.0 1.0
3342.0 16710.0 1.0
3343.0 16715.0 1.0
3344.0 16720.0 1.0
3345.0 16725.0 1.0
3346.0 16730.0 1.0
3347.0 16735.0 1.0
3348.0 16740.0 1.0
3349.0 16745.0 1.0
3350.0 16750.0 1.0
3351.0 16755.0 1.0
3352.0 16760.0 1.0
3353.0 16765.0 1.0
3354.0 16770.0 1.0
3355.0 16775.0 1.0
3356.0 16780.0 1.0
3357.0 16785.0 1.0
3358.0 16790.0 1.0
3359.0 16795.0 1.0
3360.0 16800.0 1.0
3361.0 16805.0 1.0
3362.0 16810.0 1.0
3363.0 16815.0 1.0
3364.0 16820.0 1.0
3365.0 16825.0 1.0
3366.0 16830.0 1.0
3367.0 16835.0 1.0
3368.0 16840.0 1.0
3369.0 16845.0 1.0
3370.0 16850.0 1.0
3371.0 16855.0 1.0
3372.0 16860.0 1.0
3373.0 16865.0 1.0
3374.0 16870.0 1.0
3375.0 16875.0 1.0
3376.0 16880.0 1.0
3377.0 16885.0 1.0
3378.0 16890.0 1.0
3379.0 16895.0 1.0
3380.0 16900.0 1.0
3381.0 16905.0 1.0
3382.0 16910.0 1.0
3383.0 16915.0 1.0
3384.0 16920.0 1.0
3385.0 16925.0 1.0
3386.0 16930.0 1.0
3387.0 16935.0 1.0
3388.0 16940.0 1.0
3389.0 16945.0 1.0
3390.0 16950.0 1.0
3391.0 16955.0 1.0
3392.0 16960.0 1.0
3393.0 16965.0 1.0
3394.0 16970.0 1.0
3395.0 16975.0 1.0
3396.0 16980.0 1.0
3397.0 16985.0 1.0
3398.0 16990.0 1.0
3399.0 16995.0 1.0
3400.0 17000.0 1.0
3401.0 17005.0 1.0
3402.0 17010.0 1.0
3403.0 17015.0 1.0
3404.0 17020.0 1.0
3405.0 17025.0 1.0
3406.0 17030.0 1.0
3407.0 17035.0 1.0
3408.0 17040.0 1.0
3409.0 17045.0 1.0
3410.0 17050.0 1.0
3411.0 17055.0 1.0
3412.0 17060.0 1.0
3413.0 17065.0 1.0
3414.0 17070.0 1.0
3415.0 17075.0 1.0
3416.0 17080.0 1.0
3417.0 17085.0 1.0
3418.0 17090.0 1.0
3419.0 17095.0 1.0
3420.0 17100.0 1.0
3421.0 17105.0 1.0
3422.0 17110.0 1.0
3423.0 17115.0 1.0
3424.0 17120.0 1.0
3425.0 17125.0 1.0
3426.0 17130.0 1.0
3427.0 17135.0 1.0
3428.0 17140.0 1.0
3429.0 17145.0 1.0
3430.0 17150.0 1.0
3431.0 17155.0 1.0
3432.0 17160.0 1.0
3433.0 17165.0 1.0
3434.0 17170.0 1.0
3435.0 17175.0 1.0
3436.0 17180.0 1.0
3437.0 17185.0 1.0
3438.0 17190.0 1.0
3439.0 17195.0 1.0
3440.0 17200.0 1.0
3441.0 17205.0 1.0
3442.0 17210.0 1.0
3443.0 17215.0 1.0
3444.0 17220.0 1.0
3445.0 17225.0 1.0
3446.0 17230.0 1.0
3447.0 17235.0 1.0
3448.0 17240.0 1.0
3449.0 17245.0 1.0
3450.0 17250.0 1.0
3451.0 17255.0 1.0
3452.0 17260.0 1.0
3453.0 17265.0 1.0
3454.0 17270.0 1.0
3455.0 17275.0 1.0
3456.0 17280.0 1.0
3457.0 17285.0 1.0
3458.0 17290.0 1.0
3459.0 17295.0 1.0
3460.0 17300.0 1.0
3461.0 17305.0 1.0
3462.0 17310.0 1.0
3463.0 17315.0 1.0
3464.0 17320.0 1.0
3465.0 17325.0 1.0
3466.0 17330.0 1.0
3467.0 17335.0 1.0
3468.0 17340.0 1.0
3469.0 17345.0 1.0
3470.0 17350.0 1.0
3471.0 17355.0 1.0
3472.0 17360.0 1.0
3473.0 17365.0 1.0
3474.0 17370.0 1.0
3475.0 17375.0 1.0
3476.0 17380.0 1.0
3477.0 17385.0 1.0
3478.0 17390.0 1.0
3479.0 17395.0 1.0
3480.0 17400.0 1.0
3481.0 17405.0 1.0
3482.0 17410.0 1.0
3483.0 17415.0 1.0
3484.0 17420.0 1.0
3485.0 17425.0 1.0
3486.0 17430.0 1.0
3487.0 17435.0 1.0
3488.0 17440.0 1.0
3489.0 17445.0 1.0
3490.0 17450.0 1.0
3491.0 17455.0 1.0
3492.0 17460.0 1.0
3493.0 17465.0 1.0
3494.0 17470.0 1.0
3495.0 17475.0 1.0
3496.0 17480.0 1.0
3497.0 17485.0 1.0
3498.0 17490.0 1.0
3499.0 17495.0 1.0
3500.0 17500.0 1.0
3501.0 17505.0 1.0
3502.0 17510.0 1.0
3503.0 17515.0 1.0
3504.0 17520.0 1.0
3505.0 17525.0 1.0
3506.0 17530.0 1.0
3507.0 17535.0 1.0
3508.0 17540.0 1.0
3509.0 17545.0 1.0
3510.0 17550.0 1.0
3511.0 17555.0 1.0
3512.0 17560.0 1.0
3513.0 17565.0 1.0
3514.0 17570.0 1.0
3515.0 17575.0 1.0
3516.0 17580.0 1.0
3517.0 17585.0 1.0
3518.0 17590.0 1.0
3519.0 17595.0 1.0
3520.0 17600.0 1.0
3521.0 17605.0 1.0
3522.0 17610.0 1.0
3523.0 17615.0 1.0
3524.0 17620.0 1.0
3525.0 17625.0 1.0
3526.0 17630.0 1.0
3527.0 17635.0 1.0
3528.0 17640.0 1.0
3529.0 17645.0 1.0
3530.0 17650.0 1.0
3531.0 17655.0 1.0
3532.0 17660.0 1.0
3533.0 17665.0 1.0
3534.0 17670.0 1.0
3535.0 17675.0 1.0
3536.0 17680.0 1.0
3537.0 17685.0 1.0
3538.0 17690.0 1.0
3539.0 17695.0 1.0
3540.0 17700.0 1.0
3541.0 17705.0 1.0
3542.0 17710.0 1.0
3543.0 17715.0 1.0
3544.0 17720.0 1.0
3545.0 17725.0 1.0
3546.0 17730.0 1.0
3547.0 17735.0 1.0
3548.0 17740.0 1.0
3549.0 17745.0 1.0
3550.0 17750.0 1.0
3551.0 17755.0 1.0
3552.0 17760.0 1.0
3553.0 17765.0 1.0
3554.0 17770.0 1.0
3555.0 17775.0 1.0
3556.0 17780.0 1.0
3557.0 17785.0 1.0
3558.0 17790.0 1.0
3559.0 17795.0 1.0
3560.0 17800.0 1.0
3561.0 17805.0 1.0
3562.0 17810.0 1.0
3563.0 17815.0 1.0
3564.0 17820.0 1.0
3565.0 17825.0 1.0
3566.0 17830.0 1.0
3567.0 17835.0 1.0
3568.0 17840.0 1.0
3569.0 17845.0 1.0
3570.0 17850.0 1.0
3571.0 17855.0 1.0
3572.0 17860.0 1.0
3573.0 17865.0 1.0
3574.0 17870.0 1.0
3575.0 17875.0 1.0
3576.0 17880.0 1.0
3577.0 17885.0 1.0
3578.0 17890.0 1.0
3579.0 17895.0 1.0
3580.0 17900.0 1.0
3581.0 17905.0 1.0
3582.0 17910.0 1.0
3583.0 17915.0 1.0
3584.0 17920.0 1.0
3585.0 17925.0 1.0
3586.0 17930.0 1.0
3587.0 17935.0 1.0
3588.0 17940.0 1.0
3589.0 17945.0 1.0
3590.0 17950.0 1.0
3591.0 17955.0 1.0
3592.0 17960.0 1.0
3593.0 17965.0 1.0
3594.0 17970.0 1.0
3595.0 17975.0 1.0
3596.0 17980.0 1.0
3597.0 17985.0 1.0
3598.0 17990.0 1.0
3599.0 17995.0 1.0
3600.0 18000.0 1.0
3601.0 18005.0 1.0
3602.0 18010.0 1.0
3603.0 18015.0 1.0
3604.0 18020.0 1.0
3605.0 18025.0 1.0
3606.0 18030.0 1.0
3607.0 18035.0 1.0
3608.0 18040.0 1.0
3609.0 18045.0 1.0
3610.0 18050.0 1.0
3611.0 18055.0 1.0
3612.0 18060.0 1.0
3613.0 18065.0 1.0
3614.0 18070.0 1.0
3615.0 18075.0 1.0
3616.0 18080.0 1.0
3617.0 18085.0 1.0
3618.0 18090.0 1.0
3619.0 18095.0 1.0
3620.0 18100.0 1.0
3621.0 18105.0 1.0
3622.0 18110.0 1.0
3623.0 18115.0 1.0
3624.0 18120.0 1.0
3625.0 18125.0 1.0
3626.0 18130.0 1.0
3627.0 18135.0 1.0
3628.0 18140.0 1.0
3629.0 18145.0 1.0
3630.0 18150.0 1.0
3631.0 18155.0 1.0
3632.0 18160.0 1.0
3633.0 18165.0 1.0
3634.0 18170.0 1.0
3635.0 18175.0 1.0
3636.0 18180.0 1.0
3637.0 18185.0 1.0
3638.0 18190.0 1.0
3639.0 18195.0 1.0
3640.0 18200.0 1.0
3641.0 18205.0 1.0
3642.0 18210.0 1.0
3643.0 18215.0 1.0
3644.0 18220.0 1.0
3645.0 18225.0 1.0
3646.0 18230.0 1.0
3647.0 18235.0 1.0
3648.0 18240.0 1.0
3649.0 18245.0 1.0
3650.0 18250.0 1.0
3651.0 18255.0 1.0
3652.0 18260.0 1.0
3653.0 18265.0 1.0
3654.0 18270.0 1.0
3655.0 18275.0 1.0
3656.0 18280.0 1.0
3657.0 18285.0 1.0
3658.0 18290.0 1.0
3659.0 18295.0 1.0
3660.0 18300.0 1.0
3661.0 18305.0 1.0
3662.0 18310.0 1.0
3663.0 18315.0 1.0
3664.0 18320.0 1.0
3665.0 18325.0 1.0
3666.0 18330.0 1.0
3667.0 18335.0 1.0
3668.0 18340.0 1.0
3669.0 18345.0 1.0
3670.0 18350.0 1.0
3671.0 18355.0 1.0
3672.0 18360.0 1.0
3673.0 18365.0 1.0
3674.0 18370.0 1.0
3675.0 18375.0 1.0
3676.0 18380.0 1.0
3677.0 18385.0 1.0
3678.0 18390.0 1.0
3679.0 18395.0 1.0
3680.0 18400.0 1.0
3681.0 18405.0 1.0
3682.0 18410.0 1.0
3683.0 18415.0 1.0
3684.0 18420.0 1.0
