#Logger
1.0 5.0 1.000593061705531
2.0 10.0 1.001729351664201
3.0 15.0 1.0026990281754369
4.0 20.0 1.003172954710108
5.0 25.0 1.0034692741363296
6.0 30.0 1.0030585100316227
7.0 35.0 1.0032508481166298
8.0 40.0 1.003758499704408
9.0 45.0 1.0040107457460719
10.0 50.0 1.0045855148585516
11.0 55.0 1.0050152437590438
12.0 60.0 1.0049784556321482
13.0 65.0 1.0044076059825064
14.0 70.0 1.0047622686825202
15.0 75.0 1.0050212878037192
16.0 80.0 1.005365029987545
17.0 85.0 1.0056068422415356
18.0 90.0 1.0052118804759635
19.0 95.0 1.0047489943158825
20.0 100.0 1.0043708324409306
21.0 105.0 1.004173304620683
22.0 110.0 1.0034433706305899
23.0 115.0 1.0023790223197584
24.0 120.0 1.000436818834758
25.0 125.0 0.9985105521131153
26.0 130.0 0.9961449245181966
27.0 135.0 0.9933616041189833
28.0 140.0 0.9898926075562102
29.0 145.0 0.9863851849558268
30.0 150.0 0.9818856827725932
31.0 155.0 0.9781020595863498
32.0 160.0 0.9752627666189152
33.0 165.0 0.9717262650914211
34.0 170.0 0.9694848775019231
35.0 175.0 0.9673444146135134
36.0 180.0 0.9638132863093601
37.0 185.0 0.9602618908817355
38.0 190.0 0.9571769884756068
39.0 195.0 0.9547476972129139
40.0 200.0 0.9521931209934138
41.0 205.0 0.9490263513639318
42.0 210.0 0.946138255032656
43.0 215.0 0.9436441849262995
44.0 220.0 0.9412974241825166
45.0 225.0 0.9382656877650409
46.0 230.0 0.9357036019121012
47.0 235.0 0.932530576936504
48.0 240.0 0.9292097440828208
49.0 245.0 0.9256297958926052
50.0 250.0 0.9227790302456046
51.0 255.0 0.9196053604582624
52.0 260.0 0.9161952026169862
53.0 265.0 0.9135389413635465
54.0 270.0 0.9105973391843596
55.0 275.0 0.9084279094303154
56.0 280.0 0.9074026499026807
57.0 285.0 0.9058652807673016
58.0 290.0 0.9051562605886746
59.0 295.0 0.9045821347591109
60.0 300.0 0.9041987370412952
61.0 305.0 0.9045829963638614
62.0 310.0 0.9044068471401434
63.0 315.0 0.903533782914938
64.0 320.0 0.9020010064370074
65.0 325.0 0.9009195072445781
66.0 330.0 0.899330347810287
67.0 335.0 0.8974091662613735
68.0 340.0 0.8946805424482231
69.0 345.0 0.8925170956929483
70.0 350.0 0.8905236923012388
71.0 355.0 0.8891241490607225
72.0 360.0 0.8880305811777066
73.0 365.0 0.8869279270912059
74.0 370.0 0.8859153517092713
75.0 375.0 0.8848251864273607
76.0 380.0 0.884032383757379
77.0 385.0 0.8842731896799917
78.0 390.0 0.8839261982909294
79.0 395.0 0.8840424785818614
80.0 400.0 0.8845834794353593
81.0 405.0 0.8844728977798664
82.0 410.0 0.883602770391565
83.0 415.0 0.8824208467388223
84.0 420.0 0.8815143784218824
85.0 425.0 0.8799165669820274
86.0 430.0 0.8786881872460216
87.0 435.0 0.8774782400392828
88.0 440.0 0.8767456898523949
89.0 445.0 0.8763732820943776
90.0 450.0 0.8763019210204086
91.0 455.0 0.8762508249502685
92.0 460.0 0.8758581135032357
93.0 465.0 0.8751207133834379
94.0 470.0 0.8751410030576627
95.0 475.0 0.8751817837306578
96.0 480.0 0.8762834339580078
97.0 485.0 0.8774811111901615
98.0 490.0 0.8788583933061223
99.0 495.0 0.880898799904543
100.0 500.0 0.882308038787706
101.0 505.0 0.8828824775326164
102.0 510.0 0.8845583732252668
103.0 515.0 0.8857577064106414
104.0 520.0 0.8863834323758086
105.0 525.0 0.8878102697576287
106.0 530.0 0.8892189237541208
107.0 535.0 0.8906238903953013
108.0 540.0 0.8911708750662807
109.0 545.0 0.8918555600625817
110.0 550.0 0.8937722911226079
111.0 555.0 0.8951171578850231
112.0 560.0 0.897007946122334
113.0 565.0 0.8992724817156129
114.0 570.0 0.9006277794568043
115.0 575.0 0.9019097278675062
116.0 580.0 0.9037269515705308
117.0 585.0 0.9047884035159297
118.0 590.0 0.9051625174136931
119.0 595.0 0.9043452569262675
120.0 600.0 0.9049235562436211
121.0 605.0 0.9054439388942443
122.0 610.0 0.9059784619788464
123.0 615.0 0.9065179957921722
124.0 620.0 0.9070680690115601
125.0 625.0 0.9079550252994563
126.0 630.0 0.9082485281540332
127.0 635.0 0.9092080432794326
128.0 640.0 0.9097576584637396
129.0 645.0 0.9101886987993603
130.0 650.0 0.9101221420119968
131.0 655.0 0.9100072273985398
132.0 660.0 0.9104883230725597
133.0 665.0 0.9112824225473269
134.0 670.0 0.9119533405080997
135.0 675.0 0.9133897058831014
136.0 680.0 0.9147184851151483
137.0 685.0 0.916938207225314
138.0 690.0 0.9198071082751627
139.0 695.0 0.9222336261088936
140.0 700.0 0.9249159150936174
141.0 705.0 0.927386552385381
142.0 710.0 0.9299864954779086
143.0 715.0 0.9329200610991442
144.0 720.0 0.9350770372325584
145.0 725.0 0.9373945690224564
146.0 730.0 0.9394462814467186
147.0 735.0 0.9429910659702888
148.0 740.0 0.9470459210711919
149.0 745.0 0.9504438974556197
150.0 750.0 0.9541622752190697
151.0 755.0 0.9589489902620141
152.0 760.0 0.9626605289105303
153.0 765.0 0.9661397015604077
154.0 770.0 0.9691644831314797
155.0 775.0 0.9710840066147695
156.0 780.0 0.9718764727771227
157.0 785.0 0.9724530520375656
158.0 790.0 0.9727989150474959
159.0 795.0 0.9744841043612354
160.0 800.0 0.9754091179177442
161.0 805.0 0.9762410357407425
162.0 810.0 0.9769822194356041
163.0 815.0 0.9773036577459122
164.0 820.0 0.9770810145615393
165.0 825.0 0.9772178253807
166.0 830.0 0.976724601232447
167.0 835.0 0.9765542760981544
168.0 840.0 0.9767802682879799
169.0 845.0 0.9774098929270345
170.0 850.0 0.9781474652090368
171.0 855.0 0.9793907634090112
172.0 860.0 0.9809834869463795
173.0 865.0 0.9826484642314266
174.0 870.0 0.9840666487591583
175.0 875.0 0.9848529737251492
176.0 880.0 0.9851165433913768
177.0 885.0 0.9853771273154498
178.0 890.0 0.9855547941363149
179.0 895.0 0.9863803334900374
180.0 900.0 0.9856879292936787
181.0 905.0 0.9851388095552303
182.0 910.0 0.9843477020060805
183.0 915.0 0.9827713631537959
184.0 920.0 0.9826082441313178
185.0 925.0 0.9834387636487061
186.0 930.0 0.9841478889377909
187.0 935.0 0.9835364965582533
188.0 940.0 0.9841116285341298
189.0 945.0 0.9838462821562644
190.0 950.0 0.9831552471808974
191.0 955.0 0.9825569775799986
192.0 960.0 0.9819797607225422
193.0 965.0 0.9808689943744456
194.0 970.0 0.9792931168869202
195.0 975.0 0.9775870181708011
196.0 980.0 0.9756092902703396
197.0 985.0 0.9736832357766231
198.0 990.0 0.9712663436889922
199.0 995.0 0.9700354040709049
200.0 1000.0 0.9689737490246363
201.0 1005.0 0.9684384419584848
202.0 1010.0 0.9695977330365739
203.0 1015.0 0.9689316247147094
204.0 1020.0 0.9682302576866384
205.0 1025.0 0.9676076654474164
206.0 1030.0 0.9667325741509115
207.0 1035.0 0.9666013619859276
208.0 1040.0 0.9680267833810178
209.0 1045.0 0.9693924530684782
210.0 1050.0 0.9707944619009221
211.0 1055.0 0.9721802627339624
212.0 1060.0 0.9736686287647566
213.0 1065.0 0.9749174892376617
214.0 1070.0 0.9751810986459389
215.0 1075.0 0.9758543198448134
216.0 1080.0 0.9772295835999552
217.0 1085.0 0.9796537920629722
218.0 1090.0 0.9829189252223808
219.0 1095.0 0.9860252104937417
220.0 1100.0 0.9888084466536574
221.0 1105.0 0.9904105938717586
222.0 1110.0 0.9915713154472361
223.0 1115.0 0.9927333447912455
224.0 1120.0 0.9943225526020909
225.0 1125.0 0.9952049169686253
226.0 1130.0 0.9962851894573137
227.0 1135.0 0.9966867640779954
228.0 1140.0 0.9969226434010767
229.0 1145.0 0.9967441687736396
230.0 1150.0 0.9961646056990041
231.0 1155.0 0.9964235688184637
232.0 1160.0 0.9982322996599448
233.0 1165.0 0.9998473006935589
234.0 1170.0 1.0009476455468391
235.0 1175.0 1.0027390196866393
236.0 1180.0 1.0041840399746718
237.0 1185.0 1.0064154946642068
238.0 1190.0 1.008160763323602
239.0 1195.0 1.0101087143149436
240.0 1200.0 1.0118501594738325
241.0 1205.0 1.0131125993180932
242.0 1210.0 1.0145128576612352
243.0 1215.0 1.0152822617062787
244.0 1220.0 1.0157753372742235
245.0 1225.0 1.0160686786741404
246.0 1230.0 1.0169072246811595
247.0 1235.0 1.0162556876381152
248.0 1240.0 1.016314527208904
249.0 1245.0 1.0164574107676572
250.0 1250.0 1.0176992803749942
251.0 1255.0 1.0192694388632932
252.0 1260.0 1.0199191559237533
253.0 1265.0 1.0215430243487724
254.0 1270.0 1.023861534482756
255.0 1275.0 1.02646972191719
256.0 1280.0 1.0281544777785123
257.0 1285.0 1.0314957813759742
258.0 1290.0 1.0349703349500219
259.0 1295.0 1.0379050696247252
260.0 1300.0 1.041634885075659
261.0 1305.0 1.0463757506779583
262.0 1310.0 1.050874146542363
263.0 1315.0 1.0546599547982705
264.0 1320.0 1.0588309091800308
265.0 1325.0 1.0615287169657748
266.0 1330.0 1.0649090713561757
267.0 1335.0 1.068674844976457
268.0 1340.0 1.0728345243423143
269.0 1345.0 1.0775414651563577
270.0 1350.0 1.082269192168668
271.0 1355.0 1.0872913552540662
